     1          210      210    0 Init             1   24    0               00
     1           72       72    1 Null             0    1    3               00
     1          676      676    2 OpenRead         0    6    0 12            00
     1          168      168    3 OpenRead         1    5    0 6             00
     1        48664    48664    4 Rewind           0   20    0               00
6001173    522757054       87    5 Column           0   11    4               00
6001173    156580814       26    6 Lt               6   19    4 BINARY-8      54
3819433    101508760       26    7 Gt               7   19    4 BINARY-8      54
1636834     31417216       19    8 Column           0    8    4               00
1636834     48260874       29    9 Lt               8   19    4 BINARY-8      54
820016     21884466       26   10 Gt               9   19    4 BINARY-8      54
327915      6445054       19   11 Column           0    5   10               00
327915    148961112      454   12 SeekRowid        1   19   10               00
327915     23295984       71   13 Column           1    5    4               00
327915      9010990       27   14 Ne              11   19    4 BINARY-8      54
  4251        78614       18   15 Column           0    9    5               00
  4251        78282       18   16 Column           0   11   12               00
  4251        80452       18   17 Multiply        12    5    4               00
  4251       270202       63   18 AggStep1         0    4    1 sum(1)        01
6001173    540805402       90   19 Next             0    5    0               01
     1         1310     1310   20 AggFinal         1    1    0 sum(1)        00
     1          634      634   21 Copy             1   13    0               00
     0            0        0   22 ResultRow       13    1    0               00
     0            0        0   23 Halt             0    0    0               00
     1        30202    30202   24 Transaction      0    0    6 0             01
     1           62       62   25 Integer          4    6    0               00
     1           36       36   26 Integer          6    7    0               00
     1           36       36   27 Integer         26    8    0               00
     1           18       18   28 Integer         35    9    0               00
     1           18       18   29 Integer       199401   11    0               00
     1           46       46   30 Goto             0    1    0               00
