     1          184      184    0 Init             1   59    0               00
     1          108      108    1 Noop             4    6    0               00
     1         1608     1608    2 SorterOpen       5    3    0 k(2,B,B)      00
     1           64       64    3 Integer          0    6    0               00
     1          454      454    4 Null             0    9   10               00
     1           56       56    5 Gosub            8   55    0               00
     1          652      652    6 OpenRead         0    7    0 13            00
     1          172      172    7 OpenRead         3    4    0 6             00
     1          246      246    8 OpenRead         1    6    0 5             00
     1          260      260    9 OpenRead         2    3    0 5             00
     1         3952     3952   10 Rewind           0   27    0               00
29999810   4871362460      162   11 Column           0    4   13               00
29999810  15517964164      517   12 SeekRowid        3   26   13               00
29999810   2402044382       80   13 Column           3    5   14               00
29999810   1463423322       48   14 Ne              15   26   14 BINARY-8      52
6110928    208526132       34   15 Column           0    5   16               00
6110928   2335042106      382   16 SeekRowid        1   26   16               00
6110928    151886134       24   17 Column           0    3   17               00
6110928   9110094426     1490   18 SeekRowid        2   26   17               00
6110928    459554126       75   19 Column           2    3   14               00
6110928    252588426       41   20 Ne              18   26   14 BINARY-8      52
248554     23344028       93   21 Column           1    4   19               00
248554      9134442       36   22 Column           2    4   20               00
248554     11875556       47   23 Column           0   12   21               00
248554     19545756       78   24 MakeRecord      19    3   14               00
248554     34642002      139   25 SorterInsert     5   14    0               00
29999810    628569860       20   26 Next             0   11    0               01
     1         1382     1382   27 OpenPseudo       6   14    3               00
     1    321957362 321957362   28 SorterSort       5   58    0               00
248554      4649362       18   29 SorterData       5   14    6               00
248554      8969568       36   30 Column           6    0   11               00
248554      9312964       37   31 Column           6    1   12               00
248554     10674374       42   32 Compare          9   11    2 k(2,B,B)      00
248554      4596760       18   33 Jump            34   38   34               00
   280        11142       39   34 Move            11    9    2               00
   280         5670       20   35 Gosub            7   49    0               00
   280         5212       18   36 IfPos            6   58    0               00
   280         5144       18   37 Gosub            8   55    0               00
248554      8428988       33   38 Column           6    2   22               00
248554      5301988       21   39 AggStep1         0   22    1 sum(1)        01
248554      4601032       18   40 If               5   43    0               00
   280         5380       19   41 Column           6    0    2               00
   280         7208       25   42 Column           6    1    3               00
248554      4556698       18   43 Integer          1    5    0               00
248554      4585592       18   44 SorterNext       5   29    0               00
     1           44       44   45 Gosub            7   49    0               00
     1           30       30   46 Goto             0   58    0               00
     0            0        0   47 Integer          1    6    0               00
     0            0        0   48 Return           7    0    0               00
   281         5974       21   49 IfPos            5   51    0               00
     1          262      262   50 Return           7    0    0               00
   280        12142       43   51 AggFinal         1    1    0 sum(1)        00
   280        25838       92   52 Copy             1   23    2               00
     0            0        0   53 ResultRow       23    3    0               00
   280         8554       30   54 Return           7    0    0               00
   281        13608       48   55 Null             0    1    4               00
   281         5416       19   56 Integer          0    5    0               00
   281         5162       18   57 Return           8    0    0               00
     0            0        0   58 Halt             0    0    0               00
     1        32084    32084   59 Transaction      0    0    6 0             01
     1          322      322   60 String           7   15    0 AMERICA       00
     1           88       88   61 String           7   18    0 MFGR#12       00
     1           50       50   62 Goto             0    1    0               00
