     1          206      206    0 Init             1   59    0               00
     1           92       92    1 Noop             4    6    0               00
     1         1608     1608    2 SorterOpen       5    3    0 k(2,B,B)      00
     1           52       52    3 Integer          0    6    0               00
     1          190      190    4 Null             0    9   10               00
     1           58       58    5 Gosub            8   55    0               00
     1          646      646    6 OpenRead         0    7    0 13            00
     1          134      134    7 OpenRead         3    4    0 6             00
     1          220      220    8 OpenRead         1    6    0 5             00
     1           88       88    9 OpenRead         2    3    0 5             00
     1         4226     4226   10 Rewind           0   27    0               00
29999810   4806619878      160   11 Column           0    4   13               00
29999810  15585271358      519   12 SeekRowid        3   26   13               00
29999810   2385874356       79   13 Column           3    5   14               00
29999810   1328125608       44   14 Ne              15   26   14 BINARY-8      52
5957277    203688454       34   15 Column           0    5   16               00
5957277   2399098132      402   16 SeekRowid        1   26   16               00
5957277    146832202       24   17 Column           0    3   17               00
5957277   8850901422     1485   18 SeekRowid        2   26   17               00
5957277    457561442       76   19 Column           2    4   14               00
5957277    299562898       50   20 Ne              18   26   14 BINARY-8      52
  5891       577182       97   21 Column           1    4   19               00
  5891       229560       38   22 Column           2    4   20               00
  5891       291806       49   23 Column           0   12   21               00
  5891       970508      164   24 MakeRecord      19    3   14               00
  5891       393624       66   25 SorterInsert     5   14    0               00
29999810    641512872       21   26 Next             0   11    0               01
     1         1436     1436   27 OpenPseudo       6   14    3               00
     1      2656436  2656436   28 SorterSort       5   58    0               00
  5891       112850       19   29 SorterData       5   14    6               00
  5891       210994       35   30 Column           6    0   11               00
  5891       222512       37   31 Column           6    1   12               00
  5891       254774       43   32 Compare          9   11    2 k(2,B,B)      00
  5891       108680       18   33 Jump            34   38   34               00
     7          974      139   34 Move            11    9    2               00
     7          372       53   35 Gosub            7   49    0               00
     7          142       20   36 IfPos            6   58    0               00
     7          152       21   37 Gosub            8   55    0               00
  5891       197070       33   38 Column           6    2   22               00
  5891       128042       21   39 AggStep1         0   22    1 sum(1)        01
  5891       110324       18   40 If               5   43    0               00
     7          242       34   41 Column           6    0    2               00
     7          256       36   42 Column           6    1    3               00
  5891       108088       18   43 Integer          1    5    0               00
  5891       108304       18   44 SorterNext       5   29    0               00
     1           44       44   45 Gosub            7   49    0               00
     1           32       32   46 Goto             0   58    0               00
     0            0        0   47 Integer          1    6    0               00
     0            0        0   48 Return           7    0    0               00
     8          524       65   49 IfPos            5   51    0               00
     1          234      234   50 Return           7    0    0               00
     7         1030      147   51 AggFinal         1    1    0 sum(1)        00
     7         2360      337   52 Copy             1   23    2               00
     0            0        0   53 ResultRow       23    3    0               00
     7          242       34   54 Return           7    0    0               00
     8          886      110   55 Null             0    1    4               00
     8          328       41   56 Integer          0    5    0               00
     8          144       18   57 Return           8    0    0               00
     0            0        0   58 Halt             0    0    0               00
     1        38440    38440   59 Transaction      0    0    6 0             01
     1          286      286   60 String           6   15    0 EUROPE        00
     1          140      140   61 String           9   18    0 MFGR#2221     00
     1           92       92   62 Goto             0    1    0               00
