     1          370      370    0 Init             1   77    0               00
     1         2002     2002    1 SorterOpen       4    7    0 k(2,B,-B)     00
     1          954      954    2 SorterOpen       5    4    0 k(3,B,B,B)    00
     1           48       48    3 Integer          0    7    0               00
     1          136      136    4 Null             0   10   12               00
     1           48       48    5 Gosub            9   64    0               00
     1          658      658    6 OpenRead         1    7    0 13            00
     1          100      100    7 OpenRead         0    5    0 6             00
     1          128      128    8 OpenRead         2    4    0 6             00
     1          282      282    9 OpenRead         3    6    0 5             00
     1         4314     4314   10 Rewind           1   32    0               00
29999810   4513262526      150   11 Column           1    2   16               00
29999810   8552007424      285   12 SeekRowid        0   31   16               00
29999810   1962139294       65   13 Column           0    5   17               00
29999810   1327843942       44   14 Ne              18   31   17 BINARY-8      52
6022460    224187376       37   15 Column           1    4   19               00
6022460   3554616402      590   16 SeekRowid        2   31   19               00
6022460    478284982       79   17 Column           2    5   17               00
6022460    294239644       48   18 Ne              18   31   17 BINARY-8      52
1207667     66989506       55   19 Column           1    5   20               00
1207667    573193070      474   20 SeekRowid        3   31   20               00
1207667     81998014       67   21 Column           3    4   17               00
1207667     27119170       22   22 Lt              21   31   17 BINARY-8      54
1207667     23891216       19   23 Column           3    4   17               00
1207667     30043936       24   24 Gt              22   31   17 BINARY-8      54
1100175     34948354       31   25 Column           0    4   23               00
1100175     42388838       38   26 Column           2    4   24               00
1100175     24375684       22   27 Column           3    4   25               00
1100175     51594120       46   28 Column           1   12   26               00
1100175    101470674       92   29 MakeRecord      23    4   17               00
1100175    133831162      121   30 SorterInsert     5   17    0               00
29999810    639195556       21   31 Next             1   11    0               01
     1         1116     1116   32 OpenPseudo       6   17    4               00
     1   2462093886 2462093886   33 SorterSort       5   67    0               00
1100175     20638994       18   34 SorterData       5   17    6               00
1100175     44878794       40   35 Column           6    0   13               00
1100175     41749686       37   36 Column           6    1   14               00
1100175     33555858       30   37 Column           6    2   15               00
1100175     75286980       68   38 Compare         10   13    3 k(3,B,B,B)    00
1100175     20238892       18   39 Jump            40   44   40               00
   150        14940       99   40 Move            13   10    3               00
   150         3394       22   41 Gosub            8   56    0               00
   150         2800       18   42 IfPos            7   67    0               00
   150         2822       18   43 Gosub            9   64    0               00
1100175     36629398       33   44 Column           6    3   27               00
1100175     22857058       20   45 AggStep1         0   27    4 sum(1)        01
1100175     20584620       18   46 If               6   50    0               00
   150         4068       27   47 Column           6    0    1               00
   150         5332       35   48 Column           6    1    2               00
   150         3260       21   49 Column           6    2    3               00
1100175     20276028       18   50 Integer          1    6    0               00
1100175     20289004       18   51 SorterNext       5   34    0               00
     1           44       44   52 Gosub            8   56    0               00
     1           30       30   53 Goto             0   67    0               00
     0            0        0   54 Integer          1    7    0               00
     0            0        0   55 Return           8    0    0               00
   151         6534       43   56 IfPos            6   58    0               00
     1          258      258   57 Return           8    0    0               00
   150        19906      132   58 AggFinal         4    1    0 sum(1)        00
   150        36998      246   59 Copy             1   30    1               00
   150         6366       42   60 Copy             3   28    1               00
   150        29524      196   61 MakeRecord      28    4   34               00
   150        17468      116   62 SorterInsert     4   34   28 4             00
   150         2858       19   63 Return           8    0    0               00
   151         3632       24   64 Null             0    1    5               00
   151         3018       19   65 Integer          0    6    0               00
   151         2796       18   66 Return           9    0    0               00
     1         1672     1672   67 OpenPseudo       7   35    7               00
     1        58462    58462   68 SorterSort       4   76    0               00
   150         3162       21   69 SorterData       4   35    7               00
   150         6176       41   70 Column           7    1   33               00
   150         2880       19   71 Column           7    0   32               00
   150         6666       44   72 Column           7    3   31               00
   150         4470       29   73 Column           7    2   30               00
     0            0        0   74 ResultRow       30    4    0               00
   150         3464       23   75 SorterNext       4   69    0               00
     0            0        0   76 Halt             0    0    0               00
     1        37590    37590   77 Transaction      0    0    6 0             01
     1          146      146   78 String           4   18    0 ASIA          00
     1           40       40   79 Integer       1992   21    0               00
     1           20       20   80 Integer       1997   22    0               00
     1           42       42   81 Goto             0    1    0               00
