     1          240      240    0 Init             1   81    0               00
     1         1870     1870    1 SorterOpen       4    7    0 k(2,B,-B)     00
     1          462      462    2 SorterOpen       5    4    0 k(3,B,B,B)    00
     1           38       38    3 Integer          0    7    0               00
     1           88       88    4 Null             0   10   12               00
     1           58       58    5 Gosub            9   68    0               00
     1          598      598    6 OpenRead         1    6    0 13            00
     1          162      162    7 OpenRead         0    4    0 4             00
     1          124      124    8 OpenRead         2    3    0 4             00
     1          200      200    9 OpenRead         3    5    0 5             00
     1        12130    12130   10 Rewind           1   36    0               00
6001173    436989598       72   11 Column           1    2   16               00
6001173   3429050064      571   12 SeekRowid        0   35   16               00
6001173    358994304       59   13 Column           0    3   17               00
6001173    224520680       37   14 Eq              18   17   17 BINARY-8      42
5980996    141778836       23   15 Column           0    3   17               00
5980996    228814702       38   16 Ne              19   35   17 BINARY-8      52
 41743      1599946       38   17 Column           1    4   20               00
 41743    113382748     2716   18 SeekRowid        2   35   20               00
 41743      3371140       80   19 Column           2    3   17               00
 41743      1692724       40   20 Eq              18   23   17 BINARY-8      42
 41512      1008322       24   21 Column           2    3   17               00
 41512      1702214       41   22 Ne              19   35   17 BINARY-8      52
   382        38776      101   23 Column           1    5   21               00
   382      1710826     4478   24 SeekRowid        3   35   21               00
   382        66570      174   25 Column           3    4   17               00
   382        44716      117   26 Lt              22   35   17 BINARY-8      54
   382         9370       24   27 Column           3    4   17               00
   382        17098       44   28 Gt              23   35   17 BINARY-8      54
   339        11700       34   29 Column           0    3   24               00
   339        11836       34   30 Column           2    3   25               00
   339         9740       28   31 Column           3    4   26               00
   339        20040       59   32 Column           1   12   27               00
   339        65872      194   33 MakeRecord      24    4   17               00
   339        33182       97   34 SorterInsert     5   17    0               00
6001173    562144906       93   35 Next             1   11    0               01
     1          952      952   36 OpenPseudo       6   17    4               00
     1       273684   273684   37 SorterSort       5   71    0               00
   339         7604       22   38 SorterData       5   17    6               00
   339        15278       45   39 Column           6    0   13               00
   339        13650       40   40 Column           6    1   14               00
   339        10578       31   41 Column           6    2   15               00
   339        25970       76   42 Compare         10   13    3 k(3,B,B,B)    00
   339         6780       20   43 Jump            44   48   44               00
    24         1864       77   44 Move            13   10    3               00
    24          660       27   45 Gosub            8   60    0               00
    24          436       18   46 IfPos            7   71    0               00
    24          454       18   47 Gosub            9   68    0               00
   339        11410       33   48 Column           6    3   28               00
   339        10638       31   49 AggStep1         0   28    4 sum(1)        01
   339         6806       20   50 If               6   54    0               00
    24          750       31   51 Column           6    0    1               00
    24          832       34   52 Column           6    1    2               00
    24          512       21   53 Column           6    2    3               00
   339         6268       18   54 Integer          1    6    0               00
   339         6558       19   55 SorterNext       5   38    0               00
     1           36       36   56 Gosub            8   60    0               00
     1           30       30   57 Goto             0   71    0               00
     0            0        0   58 Integer          1    7    0               00
     0            0        0   59 Return           8    0    0               00
    25          728       29   60 IfPos            6   62    0               00
     1          134      134   61 Return           8    0    0               00
    24         2244       93   62 AggFinal         4    1    0 sum(1)        00
    24         3566      148   63 Copy             1   31    1               00
    24          872       36   64 Copy             3   29    1               00
    24         2410      100   65 MakeRecord      29    4   35               00
    24         1504       62   66 SorterInsert     4   35   29 4             00
    24          474       19   67 Return           8    0    0               00
    25          954       38   68 Null             0    1    5               00
    25          512       20   69 Integer          0    6    0               00
    25          516       20   70 Return           9    0    0               00
     1          134      134   71 OpenPseudo       7   36    7               00
     1         6604     6604   72 SorterSort       4   80    0               00
    24          558       23   73 SorterData       4   36    7               00
    24         1010       42   74 Column           7    1   34               00
    24          498       20   75 Column           7    0   33               00
    24         1034       43   76 Column           7    3   32               00
    24          610       25   77 Column           7    2   31               00
     0            0        0   78 ResultRow       31    4    0               00
    24          558       23   79 SorterNext       4   73    0               00
     0            0        0   80 Halt             0    0    0               00
     1        35310    35310   81 Transaction      0    0    6 0             01
     1          160      160   82 String          10   18    0 UNITED KI1    00
     1           44       44   83 String          10   19    0 UNITED KI5    00
     1           52       52   84 Integer       1992   22    0               00
     1           18       18   85 Integer       1997   23    0               00
     1           50       50   86 Goto             0    1    0               00
