     1          210      210    0 Init             1   69    0               00
     1          240      240    1 Noop             5    6    0               00
     1         1298     1298    2 SorterOpen       6    4    0 k(2,B,B)      00
     1           58       58    3 Integer          0    7    0               00
     1          118      118    4 Null             0   10   11               00
     1           54       54    5 Gosub            9   65    0               00
     1          804      804    6 OpenRead         4    7    0 14            00
     1          176      176    7 OpenRead         1    5    0 6             00
     1           88       88    8 OpenRead         2    4    0 6             00
     1          120      120    9 OpenRead         0    6    0 5             00
     1          126      126   10 OpenRead         3    3    0 3             00
     1         4584     4584   11 Rewind           4   35    0               00
29999810   4778128916      159   12 Column           4    2   14               00
29999810   8818066634      293   13 SeekRowid        1   34   14               00
29999810   1981859978       66   14 Column           1    5   15               00
29999810   1310344202       43   15 Ne              16   34   15 BINARY-8      52
5984970    212150794       35   16 Column           4    4   17               00
5984970   3668224092      612   17 SeekRowid        2   34   17               00
5984970    482436130       80   18 Column           2    5   15               00
5984970    290566448       48   19 Ne              16   34   15 BINARY-8      52
1220177     67093946       54   20 Column           4    5   18               00
1220177    592027902      485   21 SeekRowid        0   34   18               00
1220177     31016114       25   22 Column           4    3   19               00
1220177   2552728340     2092   23 SeekRowid        3   34   19               00
1220177    113861244       93   24 Column           3    2   15               00
1220177     78861012       64   25 Eq              20   28   15 BINARY-8      42
974540     31157706       31   26 Column           3    2   15               00
974540     46647370       47   27 Ne              21   34   15 BINARY-8      52
488778     40447512       82   28 Column           0    4   22               00
488778     24286996       49   29 Column           1    4   23               00
488778     23951962       49   30 Column           4   12   24               00
488778     15008114       30   31 Column           4   13   25               00
488778     44708548       91   32 MakeRecord      22    4   15               00
488778     44058044       90   33 SorterInsert     6   15    0               00
29999810    635645306       21   34 Next             4   12    0               01
     1         1568     1568   35 OpenPseudo       7   15    4               00
     1    613747852 613747852   36 SorterSort       6   68    0               00
488778      9303278       19   37 SorterData       6   15    7               00
488778     17143640       35   38 Column           7    0   12               00
488778     18305560       37   39 Column           7    1   13               00
488778     21067328       43   40 Compare         10   12    2 k(2,B,B)      00
488778      8967664       18   41 Jump            42   46   42               00
    35         6386      182   42 Move            12   10    2               00
    35         1196       34   43 Gosub            8   59    0               00
    35          676       19   44 IfPos            7   68    0               00
    35          686       19   45 Gosub            9   65    0               00
488778     16034446       32   46 Column           7    2   27               00
488778     14652924       29   47 Column           7    3   28               00
488778      9071988       18   48 Subtract        28   27   26               00
488778     10945824       22   49 AggStep1         0   26    3 sum(1)        01
488778      9017846       18   50 If               6   53    0               00
    35          728       20   51 Column           7    0    1               00
    35         1706       48   52 Column           7    1    2               00
488778      8960542       18   53 Integer          1    6    0               00
488778      9008004       18   54 SorterNext       6   37    0               00
     1           92       92   55 Gosub            8   59    0               00
     1           30       30   56 Goto             0   68    0               00
     0            0        0   57 Integer          1    7    0               00
     0            0        0   58 Return           8    0    0               00
    36         2202       61   59 IfPos            6   61    0               00
     1          274      274   60 Return           8    0    0               00
    35         7970      227   61 AggFinal         3    1    0 sum(1)        00
    35        11336      323   62 Copy             1   29    2               00
     0            0        0   63 ResultRow       29    3    0               00
    35         1104       31   64 Return           8    0    0               00
    36         2762       76   65 Null             0    1    5               00
    36          816       22   66 Integer          0    6    0               00
    36          660       18   67 Return           9    0    0               00
     0            0        0   68 Halt             0    0    0               00
     1        37714    37714   69 Transaction      0    0    6 0             01
     1          160      160   70 String           7   16    0 AMERICA       00
     1           98       98   71 String           6   20    0 MFGR#1        00
     1           46       46   72 String           6   21    0 MFGR#2        00
     1           76       76   73 Goto             0    1    0               00
