     1          264      264    0 Init             1   76    0               00
     1          230      230    1 Noop             5    8    0               00
     1         1486     1486    2 SorterOpen       6    5    0 k(3,B,B,B)    00
     1           46       46    3 Integer          0    8    0               00
     1           88       88    4 Null             0   11   13               00
     1           46       46    5 Gosub           10   72    0               00
     1          900      900    6 OpenRead         4    6    0 14            00
     1          100      100    7 OpenRead         0    5    0 5             00
     1          234      234    8 OpenRead         1    4    0 6             00
     1          102      102    9 OpenRead         2    3    0 6             00
     1          106      106   10 OpenRead         3    2    0 4             00
     1        12188    12188   11 Rewind           4   40    0               00
6001173    490800374       81   12 Column           4    5   17               00
6001173    872595186      145   13 SeekRowid        0   39   17               00
6001173    335588904       55   14 Column           0    4   18               00
6001173    126507932       21   15 Eq              19   18   18 BINARY-8      44
5091177    128227154       25   16 Column           0    4   18               00
5091177     93807654       18   17 Ne              20   39   18 BINARY-8      54
1444989     27393272       18   18 Column           4    2   21               00
1444989   1146377436      793   19 SeekRowid        1   39   21               00
1444989    107191028       74   20 Column           1    5   18               00
1444989     68681858       47   21 Ne              22   39   18 BINARY-8      52
289530      6161514       21   22 Column           4    4   23               00
289530    161057568      556   23 SeekRowid        2   39   23               00
289530     25600228       88   24 Column           2    5   18               00
289530     14446142       49   25 Ne              22   39   18 BINARY-8      52
 54538      2580952       47   26 Column           4    3   24               00
 54538    273697624     5018   27 SeekRowid        3   39   24               00
 54538      5790444      106   28 Column           3    2   18               00
 54538      3860496       70   29 Eq              25   32   18 BINARY-8      42
 43560      1228822       28   30 Column           3    2   18               00
 43560      2128510       48   31 Ne              26   39   18 BINARY-8      52
 21803       445704       20   32 Column           0    4   27               00
 21803      1127910       51   33 Column           2    4   28               00
 21803      1099654       50   34 Column           3    3   29               00
 21803      1240202       56   35 Column           4   12   30               00
 21803       722682       33   36 Column           4   13   31               00
 21803      2432362      111   37 MakeRecord      27    5   18               00
 21803       857446       39   38 SorterInsert     6   18    0               00
6001173    565991474       94   39 Next             4   12    0               01
     1         1816     1816   40 OpenPseudo       7   18    5               00
     1     29055754 29055754   41 SorterSort       6   75    0               00
 21803       407014       18   42 SorterData       6   18    7               00
 21803       762452       34   43 Column           7    0   14               00
 21803       848436       38   44 Column           7    1   15               00
 21803       816456       37   45 Column           7    2   16               00
 21803      1458152       66   46 Compare         11   14    3 k(3,B,B,B)    00
 21803       400796       18   47 Jump            48   52   48               00
   100         5510       55   48 Move            14   11    3               00
   100         2092       20   49 Gosub            9   66    0               00
   100         2974       29   50 IfPos            8   75    0               00
   100         1866       18   51 Gosub           10   72    0               00
 21803       717168       32   52 Column           7    3   33               00
 21803       674600       30   53 Column           7    4   34               00
 21803       405956       18   54 Subtract        34   33   32               00
 21803       445486       20   55 AggStep1         0   32    4 sum(1)        01
 21803       400360       18   56 If               7   60    0               00
   100         2002       20   57 Column           7    0    1               00
   100         3148       31   58 Column           7    1    2               00
   100         2884       28   59 Column           7    2    3               00
 21803       399756       18   60 Integer          1    7    0               00
 21803       400524       18   61 SorterNext       6   42    0               00
     1           34       34   62 Gosub            9   66    0               00
     1           30       30   63 Goto             0   75    0               00
     0            0        0   64 Integer          1    8    0               00
     0            0        0   65 Return           9    0    0               00
   101         2270       22   66 IfPos            7   68    0               00
     1           78       78   67 Return           9    0    0               00
   100         7854       78   68 AggFinal         4    1    0 sum(1)        00
   100        15302      153   69 Copy             1   35    3               00
     0            0        0   70 ResultRow       35    4    0               00
   100         1990       19   71 Return           9    0    0               00
   101         5858       58   72 Null             0    1    6               00
   101         1962       19   73 Integer          0    7    0               00
   101         2702       26   74 Return          10    0    0               00
     0            0        0   75 Halt             0    0    0               00
     1        32254    32254   76 Transaction      0    0    6 0             01
     1          106      106   77 Integer       1997   19    0               00
     1           20       20   78 Integer       1998   20    0               00
     1          192      192   79 String           7   22    0 AMERICA       00
     1           46       46   80 String           6   25    0 MFGR#1        00
     1           44       44   81 String           6   26    0 MFGR#2        00
     1           84       84   82 Goto             0    1    0               00
