     1          240      240    0 Init             1   74    0               00
     1           96       96    1 Noop             5    8    0               00
     1         1582     1582    2 SorterOpen       6    5    0 k(3,B,B,B)    00
     1           46       46    3 Integer          0    8    0               00
     1          196      196    4 Null             0   11   13               00
     1           78       78    5 Gosub           10   70    0               00
     1         1558     1558    6 OpenRead         4    7    0 14            00
     1          200      200    7 OpenRead         0    6    0 5             00
     1          134      134    8 OpenRead         2    4    0 5             00
     1          382      382    9 OpenRead         1    5    0 6             00
     1           90       90   10 OpenRead         3    3    0 5             00
     1         4610     4610   11 Rewind           4   38    0               00
29999810   4232442802      141   12 Column           4    5   17               00
29999810   4086291660      136   13 SeekRowid        0   37   17               00
29999810   1627875838       54   14 Column           0    4   18               00
29999810    637512526       21   15 Eq              19   18   18 BINARY-8      44
25451394    485414274       19   16 Column           0    4   18               00
25451394    468081784       18   17 Ne              20   37   18 BINARY-8      54
7217725    145427036       20   18 Column           4    4   21               00
7217725   3826123790      530   19 SeekRowid        2   37   21               00
7217725    579652496       80   20 Column           2    4   18               00
7217725    297559330       41   21 Ne              22   37   18 BINARY-8      52
284535      8343472       29   22 Column           4    2   23               00
284535    456508724     1604   23 SeekRowid        1   37   23               00
284535     28185080       99   24 Column           1    5   18               00
284535     15916604       55   25 Ne              24   37   18 BINARY-8      52
 57068      1677700       29   26 Column           4    3   25               00
 57068    146614866     2569   27 SeekRowid        3   37   25               00
 57068      5688150       99   28 Column           3    3   18               00
 57068      3661890       64   29 Ne              26   37   18 BINARY-8      52
  2288       131538       57   30 Column           0    4   27               00
  2288       111218       48   31 Column           2    3   28               00
  2288       136198       59   32 Column           3    4   29               00
  2288       144992       63   33 Column           4   12   30               00
  2288        88854       38   34 Column           4   13   31               00
  2288       480194      209   35 MakeRecord      27    5   18               00
  2288       328178      143   36 SorterInsert     6   18    0               00
29999810    652190544       21   37 Next             4   12    0               01
     1          950      950   38 OpenPseudo       7   18    5               00
     1      2589662  2589662   39 SorterSort       6   73    0               00
  2288        44542       19   40 SorterData       6   18    7               00
  2288        84208       36   41 Column           7    0   14               00
  2288        97916       42   42 Column           7    1   15               00
  2288       113100       49   43 Column           7    2   16               00
  2288       202218       88   44 Compare         11   14    3 k(3,B,B,B)    00
  2288        42710       18   45 Jump            46   50   46               00
   742        31266       42   46 Move            14   11    3               00
   742        13930       18   47 Gosub            9   64    0               00
   742        13616       18   48 IfPos            8   73    0               00
   742        13866       18   49 Gosub           10   70    0               00
  2288        96536       42   50 Column           7    3   33               00
  2288        73594       32   51 Column           7    4   34               00
  2288        43386       18   52 Subtract        34   33   32               00
  2288        73354       32   53 AggStep1         0   32    4 sum(1)        01
  2288        42580       18   54 If               7   58    0               00
   742        13816       18   55 Column           7    0    1               00
   742        16220       21   56 Column           7    1    2               00
   742        18132       24   57 Column           7    2    3               00
  2288        41914       18   58 Integer          1    7    0               00
  2288        42322       18   59 SorterNext       6   40    0               00
     1           36       36   60 Gosub            9   64    0               00
     1           40       40   61 Goto             0   73    0               00
     0            0        0   62 Integer          1    8    0               00
     0            0        0   63 Return           9    0    0               00
   743        14156       19   64 IfPos            7   66    0               00
     1          104      104   65 Return           9    0    0               00
   742        19896       26   66 AggFinal         4    1    0 sum(1)        00
   742        80996      109   67 Copy             1   35    3               00
     0            0        0   68 ResultRow       35    4    0               00
   742        14344       19   69 Return           9    0    0               00
   743        16894       22   70 Null             0    1    6               00
   743        13790       18   71 Integer          0    7    0               00
   743        13642       18   72 Return          10    0    0               00
     0            0        0   73 Halt             0    0    0               00
     1        38568    38568   74 Transaction      0    0    6 0             01
     1           20       20   75 Integer       1997   19    0               00
     1           38       38   76 Integer       1998   20    0               00
     1          246      246   77 String          13   22    0 UNITED STATES 00
     1           74       74   78 String           7   24    0 AMERICA       00
     1           42       42   79 String           7   26    0 MFGR#14       00
     1           40       40   80 Goto             0    1    0               00
