     1          218      218    0 Init             1   59    0               00
     1           86       86    1 Noop             4    6    0               00
     1         2094     2094    2 SorterOpen       5    3    0 k(2,B,B)      00
     1           52       52    3 Integer          0    6    0               00
     1          122      122    4 Null             0    9   10               00
     1           70       70    5 Gosub            8   55    0               00
     1          518      518    6 OpenRead         0    6    0 13            00
     1          140      140    7 OpenRead         2    2    0 5             00
     1          246      246    8 OpenRead         1    5    0 5             00
     1          762      762    9 OpenRead         3    3    0 6             00
     1        11702    11702   10 Rewind           0   27    0               00
6001173    584539558       97   11 Column           0    3   13               00
6001173  24887526772     4147   12 SeekRowid        2   26   13               00
6001173    533860128       88   13 Column           2    3   14               00
6001173    253302896       42   14 Ne              15   26   14 BINARY-8      52
242241     10664844       44   15 Column           0    5   16               00
242241    676765760     2793   16 SeekRowid        1   26   16               00
242241      6932404       28   17 Column           0    4   17               00
242241    681913112     2815   18 SeekRowid        3   26   17               00
242241     29523824      121   19 Column           3    5   14               00
242241     13357460       55   20 Ne              18   26   14 BINARY-8      52
 46026      5682350      123   21 Column           1    4   19               00
 46026      1770116       38   22 Column           2    4   20               00
 46026      3260028       70   23 Column           0   12   21               00
 46026      4515270       98   24 MakeRecord      19    3   14               00
 46026      7347430      159   25 SorterInsert     5   14    0               00
6001173    573570434       95   26 Next             0   11    0               01
     1         2342     2342   27 OpenPseudo       6   14    3               00
     1     48251872 48251872   28 SorterSort       5   58    0               00
 46026       852624       18   29 SorterData       5   14    6               00
 46026      1645194       35   30 Column           6    0   11               00
 46026      1766774       38   31 Column           6    1   12               00
 46026      2101024       45   32 Compare          9   11    2 k(2,B,B)      00
 46026       845316       18   33 Jump            34   38   34               00
   280         8878       31   34 Move            11    9    2               00
   280         5374       19   35 Gosub            7   49    0               00
   280         6520       23   36 IfPos            6   58    0               00
   280         5210       18   37 Gosub            8   55    0               00
 46026      1528360       33   38 Column           6    2   22               00
 46026      1049344       22   39 AggStep1         0   22    1 sum(1)        01
 46026       849424       18   40 If               5   43    0               00
   280         5274       18   41 Column           6    0    2               00
   280         9600       34   42 Column           6    1    3               00
 46026       853982       18   43 Integer          1    5    0               00
 46026       846802       18   44 SorterNext       5   29    0               00
     1           38       38   45 Gosub            7   49    0               00
     1           30       30   46 Goto             0   58    0               00
     0            0        0   47 Integer          1    6    0               00
     0            0        0   48 Return           7    0    0               00
   281         5718       20   49 IfPos            5   51    0               00
     1          266      266   50 Return           7    0    0               00
   280        19766       70   51 AggFinal         1    1    0 sum(1)        00
   280        22792       81   52 Copy             1   23    2               00
     0            0        0   53 ResultRow       23    3    0               00
   280         5288       18   54 Return           7    0    0               00
   281        11972       42   55 Null             0    1    4               00
   281         5420       19   56 Integer          0    5    0               00
   281         5212       18   57 Return           8    0    0               00
     0            0        0   58 Halt             0    0    0               00
     1        32134    32134   59 Transaction      0    0    6 0             01
     1          202      202   60 String           7   15    0 MFGR#12       00
     1           74       74   61 String           7   18    0 AMERICA       00
     1           50       50   62 Goto             0    1    0               00
