     1          330      330    0 Init             1   60    0               00
     1          214      214    1 Noop             4    6    0               00
     1         1686     1686    2 SorterOpen       5    3    0 k(2,B,B)      00
     1           60       60    3 Integer          0    6    0               00
     1          120      120    4 Null             0    9   10               00
     1           26       26    5 Gosub            8   56    0               00
     1         1328     1328    6 OpenRead         0    6    0 13            00
     1          130      130    7 OpenRead         2    2    0 5             00
     1          170      170    8 OpenRead         1    5    0 5             00
     1          148      148    9 OpenRead         3    3    0 6             00
     1        12688    12688   10 Rewind           0   28    0               00
6001173    580804560       96   11 Column           0    3   13               00
6001173  24777587012     4128   12 SeekRowid        2   27   13               00
6001173    494316666       82   13 Column           2    4   14               00
6001173    282153240       47   14 Lt              16   27   14 BINARY-8      52
4486481    173272014       38   15 Gt              17   27   14 BINARY-8      52
 47481      2221894       46   16 Column           0    5   18               00
 47481    189169858     3984   17 SeekRowid        1   27   18               00
 47481      1364254       28   18 Column           0    4   19               00
 47481    190201204     4005   19 SeekRowid        3   27   19               00
 47481      5962090      125   20 Column           3    5   14               00
 47481      3842446       80   21 Ne              20   27   14 BINARY-8      52
 10577      1364180      128   22 Column           1    4   21               00
 10577       400570       37   23 Column           2    4   22               00
 10577       582158       55   24 Column           0   12   23               00
 10577      1687768      159   25 MakeRecord      21    3   14               00
 10577      1466124      138   26 SorterInsert     5   14    0               00
6001173    574173888       95   27 Next             0   11    0               01
     1         2258     2258   28 OpenPseudo       6   14    3               00
     1      8524568  8524568   29 SorterSort       5   59    0               00
 10577       197148       18   30 SorterData       5   14    6               00
 10577       393222       37   31 Column           6    0   11               00
 10577       417168       39   32 Column           6    1   12               00
 10577       490330       46   33 Compare          9   11    2 k(2,B,B)      00
 10577       194256       18   34 Jump            35   39   35               00
    56         2292       40   35 Move            11    9    2               00
    56         1272       22   36 Gosub            7   50    0               00
    56         1402       25   37 IfPos            6   59    0               00
    56         1036       18   38 Gosub            8   56    0               00
 10577       367744       34   39 Column           6    2   15               00
 10577       255212       24   40 AggStep1         0   15    1 sum(1)        01
 10577       194404       18   41 If               5   44    0               00
    56         1184       21   42 Column           6    0    2               00
    56         1530       27   43 Column           6    1    3               00
 10577       194004       18   44 Integer          1    5    0               00
 10577       195148       18   45 SorterNext       5   30    0               00
     1           36       36   46 Gosub            7   50    0               00
     1           30       30   47 Goto             0   59    0               00
     0            0        0   48 Integer          1    6    0               00
     0            0        0   49 Return           7    0    0               00
    57         2310       40   50 IfPos            5   52    0               00
     1          228      228   51 Return           7    0    0               00
    56         4520       80   52 AggFinal         1    1    0 sum(1)        00
    56         5880      105   53 Copy             1   24    2               00
     0            0        0   54 ResultRow       24    3    0               00
    56         1100       19   55 Return           7    0    0               00
    57         3518       61   56 Null             0    1    4               00
    57         1290       22   57 Integer          0    5    0               00
    57         1028       18   58 Return           8    0    0               00
     0            0        0   59 Halt             0    0    0               00
     1        34552    34552   60 Transaction      0    0    6 0             01
     1          204      204   61 String           9   16    0 MFGR#2221     00
     1           74       74   62 String           9   17    0 MFGR#2228     00
     1           18       18   63 String           4   20    0 ASIA          00
     1           96       96   64 Goto             0    1    0               00
