     1          396      396    0 Init             1   77    0               00
     1         1172     1172    1 SorterOpen       4    7    0 k(2,B,-B)     00
     1          884      884    2 SorterOpen       5    4    0 k(3,B,B,B)    00
     1           44       44    3 Integer          0    7    0               00
     1          130      130    4 Null             0   10   12               00
     1           24       24    5 Gosub            9   64    0               00
     1          934      934    6 OpenRead         1    6    0 13            00
     1          124      124    7 OpenRead         0    4    0 5             00
     1          122      122    8 OpenRead         2    3    0 5             00
     1          110      110    9 OpenRead         3    5    0 5             00
     1        12218    12218   10 Rewind           1   32    0               00
6001173    429820808       71   11 Column           1    2   16               00
6001173   3593072740      598   12 SeekRowid        0   31   16               00
6001173    406001982       67   13 Column           0    4   17               00
6001173    239961022       39   14 Ne              18   31   17 BINARY-8      52
246734      9260740       37   15 Column           1    4   19               00
246734    230938424      935   16 SeekRowid        2   31   19               00
246734     21150132       85   17 Column           2    4   17               00
246734     10353704       41   18 Ne              18   31   17 BINARY-8      52
  9497       740732       77   19 Column           1    5   20               00
  9497     33706092     3549   20 SeekRowid        3   31   20               00
  9497      1347146      141   21 Column           3    4   17               00
  9497       345982       36   22 Lt              21   31   17 BINARY-8      54
  9497       204484       21   23 Column           3    4   17               00
  9497       285318       30   24 Gt              22   31   17 BINARY-8      54
  8606       259682       30   25 Column           0    3   23               00
  8606       235096       27   26 Column           2    3   24               00
  8606       208696       24   27 Column           3    4   25               00
  8606       509136       59   28 Column           1   12   26               00
  8606       868346      100   29 MakeRecord      23    4   17               00
  8606       353990       41   30 SorterInsert     5   17    0               00
6001173    561322162       93   31 Next             1   11    0               01
     1         1254     1254   32 OpenPseudo       6   17    4               00
     1      9708720  9708720   33 SorterSort       5   67    0               00
  8606       160102       18   34 SorterData       5   17    6               00
  8606       372714       43   35 Column           6    0   13               00
  8606       330996       38   36 Column           6    1   14               00
  8606       261718       30   37 Column           6    2   15               00
  8606       629554       73   38 Compare         10   13    3 k(3,B,B,B)    00
  8606       158382       18   39 Jump            40   44   40               00
   600        27492       45   40 Move            13   10    3               00
   600        11552       19   41 Gosub            8   56    0               00
   600        11098       18   42 IfPos            7   67    0               00
   600        11012       18   43 Gosub            9   64    0               00
  8606       282012       32   44 Column           6    3   27               00
  8606       229552       26   45 AggStep1         0   27    4 sum(1)        01
  8606       159954       18   46 If               6   50    0               00
   600        14792       24   47 Column           6    0    1               00
   600        16716       27   48 Column           6    1    2               00
   600        11258       18   49 Column           6    2    3               00
  8606       157718       18   50 Integer          1    6    0               00
  8606       158180       18   51 SorterNext       5   34    0               00
     1           36       36   52 Gosub            8   56    0               00
     1           30       30   53 Goto             0   67    0               00
     0            0        0   54 Integer          1    7    0               00
     0            0        0   55 Return           8    0    0               00
   601        11070       18   56 IfPos            6   58    0               00
     1           16       16   57 Return           8    0    0               00
   600        18114       30   58 AggFinal         4    1    0 sum(1)        00
   600        54646       91   59 Copy             1   30    1               00
   600        18768       31   60 Copy             3   28    1               00
   600        47066       78   61 MakeRecord      28    4   34               00
   600        23132       38   62 SorterInsert     4   34   28 4             00
   600        11162       18   63 Return           8    0    0               00
   601        12282       20   64 Null             0    1    5               00
   601        11134       18   65 Integer          0    6    0               00
   601        11048       18   66 Return           9    0    0               00
     1          142      142   67 OpenPseudo       7   35    7               00
     1       248648   248648   68 SorterSort       4   76    0               00
   600        11162       18   69 SorterData       4   35    7               00
   600        23610       39   70 Column           7    1   33               00
   600        11250       18   71 Column           7    0   32               00
   600        21378       35   72 Column           7    3   31               00
   600        12942       21   73 Column           7    2   30               00
     0            0        0   74 ResultRow       30    4    0               00
   600        12990       21   75 SorterNext       4   69    0               00
     0            0        0   76 Halt             0    0    0               00
     1        34778    34778   77 Transaction      0    0    6 0             01
     1          152      152   78 String          13   18    0 UNITED STATES 00
     1           48       48   79 Integer       1992   21    0               00
     1           18       18   80 Integer       1997   22    0               00
     1           64       64   81 Goto             0    1    0               00
