     1          210      210    0 Init             1   69    0               00
     1          250      250    1 Noop             5    6    0               00
     1         1556     1556    2 SorterOpen       6    4    0 k(2,B,B)      00
     1           60       60    3 Integer          0    7    0               00
     1           62       62    4 Null             0   10   11               00
     1           56       56    5 Gosub            9   65    0               00
     1          698      698    6 OpenRead         4    6    0 14            00
     1          180      180    7 OpenRead         1    4    0 6             00
     1          122      122    8 OpenRead         2    3    0 6             00
     1          122      122    9 OpenRead         0    5    0 5             00
     1          174      174   10 OpenRead         3    2    0 3             00
     1        10992    10992   11 Rewind           4   35    0               00
6001173    439018200       73   12 Column           4    2   14               00
6001173   4253350982      708   13 SeekRowid        1   34   14               00
6001173    428441856       71   14 Column           1    5   15               00
6001173    269557430       44   15 Ne              16   34   15 BINARY-8      52
1192672     44725888       37   16 Column           4    4   17               00
1192672    603835870      506   17 SeekRowid        2   34   17               00
1192672    100438036       84   18 Column           2    5   15               00
1192672     58834772       49   19 Ne              16   34   15 BINARY-8      52
226203     13714104       60   20 Column           4    5   18               00
226203    326142066     1441   21 SeekRowid        0   34   18               00
226203      6828422       30   22 Column           4    3   19               00
226203   1077978674     4765   23 SeekRowid        3   34   19               00
226203     23512316      103   24 Column           3    2   15               00
226203     15840488       70   25 Eq              20   28   15 BINARY-8      42
180928      4860558       26   26 Column           3    2   15               00
180928      8898308       49   27 Ne              21   34   15 BINARY-8      52
 90353     10597702      117   28 Column           0    4   22               00
 90353      5361012       59   29 Column           1    4   23               00
 90353      5786020       64   30 Column           4   12   24               00
 90353      3052166       33   31 Column           4   13   25               00
 90353      7879700       87   32 MakeRecord      22    4   15               00
 90353     52124496      576   33 SorterInsert     6   15    0               00
6001173    558433358       93   34 Next             4   12    0               01
     1         1582     1582   35 OpenPseudo       7   15    4               00
     1     41290784 41290784   36 SorterSort       6   68    0               00
 90353      1683314       18   37 SorterData       6   15    7               00
 90353      3338040       36   38 Column           7    0   12               00
 90353      3469894       38   39 Column           7    1   13               00
 90353      3988160       44   40 Compare         10   12    2 k(2,B,B)      00
 90353      1657436       18   41 Jump            42   46   42               00
    35         2236       63   42 Move            12   10    2               00
    35          976       27   43 Gosub            8   59    0               00
    35          668       19   44 IfPos            7   68    0               00
    35          684       19   45 Gosub            9   65    0               00
 90353      3028942       33   46 Column           7    2   27               00
 90353      2840486       31   47 Column           7    3   28               00
 90353      1681482       18   48 Subtract        28   27   26               00
 90353      1804338       19   49 AggStep1         0   26    3 sum(1)        01
 90353      1674778       18   50 If               6   53    0               00
    35          812       23   51 Column           7    0    1               00
    35         1692       48   52 Column           7    1    2               00
 90353      1657052       18   53 Integer          1    6    0               00
 90353     17488042      193   54 SorterNext       6   37    0               00
     1           36       36   55 Gosub            8   59    0               00
     1           28       28   56 Goto             0   68    0               00
     0            0        0   57 Integer          1    7    0               00
     0            0        0   58 Return           8    0    0               00
    36         1220       33   59 IfPos            6   61    0               00
     1          312      312   60 Return           8    0    0               00
    35         3222       92   61 AggFinal         3    1    0 sum(1)        00
    35         4620      132   62 Copy             1   29    2               00
     0            0        0   63 ResultRow       29    3    0               00
    35          770       22   64 Return           8    0    0               00
    36         2162       60   65 Null             0    1    5               00
    36          744       20   66 Integer          0    6    0               00
    36          726       20   67 Return           9    0    0               00
     0            0        0   68 Halt             0    0    0               00
     1        33952    33952   69 Transaction      0    0    6 0             01
     1          204      204   70 String           7   16    0 AMERICA       00
     1           46       46   71 String           6   20    0 MFGR#1        00
     1           22       22   72 String           6   21    0 MFGR#2        00
     1           48       48   73 Goto             0    1    0               00
