     1          170      170    0 Init             1   74    0               00
     1          280      280    1 Noop             5    8    0               00
     1         1444     1444    2 SorterOpen       6    5    0 k(3,B,B,B)    00
     1           20       20    3 Integer          0    8    0               00
     1           48       48    4 Null             0   11   13               00
     1           40       40    5 Gosub           10   70    0               00
     1          558      558    6 OpenRead         4    6    0 14            00
     1          122      122    7 OpenRead         0    5    0 5             00
     1          248      248    8 OpenRead         1    4    0 6             00
     1          104      104    9 OpenRead         2    3    0 5             00
     1          108      108   10 OpenRead         3    2    0 5             00
     1        12594    12594   11 Rewind           4   38    0               00
6001173    490476954       81   12 Column           4    5   17               00
6001173    870938590      145   13 SeekRowid        0   37   17               00
6001173    335690656       55   14 Column           0    4   18               00
6001173    127470270       21   15 Eq              19   18   18 BINARY-8      44
5091177    129230728       25   16 Column           0    4   18               00
5091177     94065550       18   17 Ne              20   37   18 BINARY-8      54
1444989     27591052       19   18 Column           4    2   21               00
1444989   1100837446      761   19 SeekRowid        1   37   21               00
1444989    108848570       75   20 Column           1    5   18               00
1444989     72688916       50   21 Ne              22   37   18 BINARY-8      52
289530      6111518       21   22 Column           4    4   23               00
289530    156619336      540   23 SeekRowid        2   37   23               00
289530     26136518       90   24 Column           2    4   18               00
289530     13873486       47   25 Ne              24   37   18 BINARY-8      52
 11016       299586       27   26 Column           4    3   25               00
 11016     71153458     6459   27 SeekRowid        3   37   25               00
 11016      1266690      114   28 Column           3    3   18               00
 11016       760460       69   29 Ne              26   37   18 BINARY-8      52
   447         9104       20   30 Column           0    4   27               00
   447        25416       56   31 Column           2    3   28               00
   447        18638       41   32 Column           3    4   29               00
   447        46302      103   33 Column           4   12   30               00
   447        16612       37   34 Column           4   13   31               00
   447        73020      163   35 MakeRecord      27    5   18               00
   447        45406      101   36 SorterInsert     6   18    0               00
6001173    567130034       94   37 Next             4   12    0               01
     1         1508     1508   38 OpenPseudo       7   18    5               00
     1       379982   379982   39 SorterSort       6   73    0               00
   447         9066       20   40 SorterData       6   18    7               00
   447        16348       36   41 Column           7    0   14               00
   447        22168       49   42 Column           7    1   15               00
   447        28698       64   43 Column           7    2   16               00
   447        50482      112   44 Compare         11   14    3 k(3,B,B,B)    00
   447         8638       19   45 Jump            46   50   46               00
   324        14378       44   46 Move            14   11    3               00
   324         6182       19   47 Gosub            9   64    0               00
   324         5922       18   48 IfPos            8   73    0               00
   324         5946       18   49 Gosub           10   70    0               00
   447        20022       44   50 Column           7    3   33               00
   447        13802       30   51 Column           7    4   34               00
   447         8598       19   52 Subtract        34   33   32               00
   447        19924       44   53 AggStep1         0   32    4 sum(1)        01
   447         8694       19   54 If               7   58    0               00
   324         6100       18   55 Column           7    0    1               00
   324         7202       22   56 Column           7    1    2               00
   324         7554       23   57 Column           7    2    3               00
   447         8262       18   58 Integer          1    7    0               00
   447         8524       19   59 SorterNext       6   40    0               00
     1           18       18   60 Gosub            9   64    0               00
     1           42       42   61 Goto             0   73    0               00
     0            0        0   62 Integer          1    8    0               00
     0            0        0   63 Return           9    0    0               00
   325         6214       19   64 IfPos            7   66    0               00
     1           84       84   65 Return           9    0    0               00
   324         9234       28   66 AggFinal         4    1    0 sum(1)        00
   324        34882      107   67 Copy             1   35    3               00
     0            0        0   68 ResultRow       35    4    0               00
   324         7058       21   69 Return           9    0    0               00
   325         6750       20   70 Null             0    1    6               00
   325         5978       18   71 Integer          0    7    0               00
   325         5994       18   72 Return          10    0    0               00
     0            0        0   73 Halt             0    0    0               00
     1        34296    34296   74 Transaction      0    0    6 0             01
     1           76       76   75 Integer       1997   19    0               00
     1           20       20   76 Integer       1998   20    0               00
     1           98       98   77 String           7   22    0 AMERICA       00
     1           44       44   78 String          13   24    0 UNITED STATES 00
     1           20       20   79 String           7   26    0 MFGR#14       00
     1           48       48   80 Goto             0    1    0               00
