     1          132      132    0 Init             1   33    0               00
     1          304      304    1 Null             0    1    3               00
     1          358      358    2 OpenRead         0    7    0 12            00
     1          182      182    3 OpenRead         1    6    0 17            00
     1         6622     6622    4 Rewind           0   29    0               00
29999810   4346944284      144    5 Column           0   11    4               00
29999810    610579880       20    6 Lt               6   28    4 BINARY-8      54
27273158    631480374       23    7 Gt               7   28    4 BINARY-8      54
8181061    172718756       21    8 Column           0    8    4               00
8181061    231447510       28    9 Ge               8   28    4 BINARY-8      54
3925700     72310020       18   10 Once             1   19    0               00
     1           92       92   11 Explain         11    0    0 BLOOM FILTER ON date (d_datekey=?) 00
     1        11932    11932   12 Blob          10000    9    0               00
     1         1150     1150   13 Rewind           1   19    0               00
  2557       223104       87   14 Column           1    4    4               00
  2557        47082       18   15 Ne              10   18    4 BINARY-8      54
   365         6972       19   16 Rowid            1    4    0               00
   365        13168       36   17 FilterAdd        9    0    4 1             00
  2557        52702       20   18 Next             1   14    0               00
3925700     78573878       20   19 Column           0    5   11               00
3925700    140164762       35   20 Filter           9   28   11 1             00
3922427   1427618542      363   21 SeekRowid        1   28   11               00
3922427    251850448       64   22 Column           1    4    4               00
3922427    108178244       27   23 Ne              10   28    4 BINARY-8      54
595746     12967228       21   24 Column           0    9    5               00
595746     18127500       30   25 Column           0   11   12               00
595746     11024892       18   26 Multiply        12    5    4               00
595746     15816350       26   27 AggStep1         0    4    1 sum(1)        01
29999810    615842122       20   28 Next             0    5    0               01
     1         1152     1152   29 AggFinal         1    1    0 sum(1)        00
     1          548      548   30 Copy             1   13    0               00
     0            0        0   31 ResultRow       13    1    0               00
     0            0        0   32 Halt             0    0    0               00
     1        18948    18948   33 Transaction      0    0    6 0             01
     1           58       58   34 Integer          1    6    0               00
     1           20       20   35 Integer          3    7    0               00
     1           18       18   36 Integer         25    8    0               00
     1           18       18   37 Integer       1993   10    0               00
     1           38       38   38 Goto             0    1    0               00
