     1          242      242    0 Init             1   79    0               00
     1           98       98    1 Noop             4    6    0               00
     1         1746     1746    2 SorterOpen       5    3    0 k(2,B,B)      00
     1           60       60    3 Integer          0    6    0               00
     1          264      264    4 Null             0    9   10               00
     1           60       60    5 Gosub            8   75    0               00
     1         1004     1004    6 OpenRead         0    7    0 13            00
     1          286      286    7 OpenRead         3    4    0 7             00
     1          260      260    8 OpenRead         1    6    0 5             00
     1          746      746    9 OpenRead         2    3    0 9             00
     1         4128     4128   10 Rewind           0   47    0               00
29999810    557357716       18   11 Once             1   28    0               00
     1           28       28   12 Explain         12    0    0 BLOOM FILTER ON supplier (s_suppkey=?) 00
     1        14102    14102   13 Blob          10000   13    0               00
     1         2284     2284   14 Rewind           3   20    0               00
 10000      1578588      157   15 Column           3    5   14               00
 10000       504198       50   16 Ne              15   19   14 BINARY-8      52
  2036        39580       19   17 Rowid            3   14    0               00
  2036        75830       37   18 FilterAdd       13    0   14 1             00
 10000       220250       22   19 Next             3   15    0               00
     1           32       32   20 Explain         20    0    0 BLOOM FILTER ON part (p_partkey=?) 00
     1       770216   770216   21 Blob          589824   16    0               00
     1         3488     3488   22 Rewind           2   28    0               00
600000     81772156      136   23 Column           2    3   14               00
600000     22654112       37   24 Ne              17   27   14 BINARY-8      52
 24274       446714       18   25 Rowid            2   14    0               00
 24274       849170       34   26 FilterAdd       16    0   14 1             00
600000     12680342       21   27 Next             2   23    0               00
29999810   3649989118      121   28 Column           0    4   18               00
29999810   1306221296       43   29 Filter          13   46   18 1             00
6110928    149101500       24   30 Column           0    3   14               00
6110928    237014816       38   31 Filter          16   46   14 1             00
254870    194167914      761   32 SeekRowid        3   46   18               00
254870     21746928       85   33 Column           3    5   19               00
254870     10149938       39   34 Ne              15   46   19 BINARY-8      52
254870     13471734       52   35 Column           0    5   20               00
254870    147760282      579   36 SeekRowid        1   46   20               00
254870      6322788       24   37 Column           0    3   21               00
254870    471633154     1850   38 SeekRowid        2   46   21               00
254870     21244998       83   39 Column           2    3   19               00
254870      9702974       38   40 Ne              17   46   19 BINARY-8      52
248554     18437538       74   41 Column           1    4   22               00
248554      9064878       36   42 Column           2    4   23               00
248554     12187010       49   43 Column           0   12   24               00
248554     15803776       63   44 MakeRecord      22    3   19               00
248554     29479190      118   45 SorterInsert     5   19    0               00
29999810    640146404       21   46 Next             0   11    0               01
     1         1360     1360   47 OpenPseudo       6   19    3               00
     1    322947034 322947034   48 SorterSort       5   78    0               00
248554      4625164       18   49 SorterData       5   19    6               00
248554      8999870       36   50 Column           6    0   11               00
248554      9702220       39   51 Column           6    1   12               00
248554     10983916       44   52 Compare          9   11    2 k(2,B,B)      00
248554      4569018       18   53 Jump            54   58   54               00
   280         9352       33   54 Move            11    9    2               00
   280         5546       19   55 Gosub            7   69    0               00
   280         5174       18   56 IfPos            6   78    0               00
   280         5176       18   57 Gosub            8   75    0               00
248554      8417194       33   58 Column           6    2   25               00
248554      5335290       21   59 AggStep1         0   25    1 sum(1)        01
248554      4630358       18   60 If               5   63    0               00
   280         5330       19   61 Column           6    0    2               00
   280         6782       24   62 Column           6    1    3               00
248554      4571636       18   63 Integer          1    5    0               00
248554      4644028       18   64 SorterNext       5   49    0               00
     1           34       34   65 Gosub            7   69    0               00
     1           32       32   66 Goto             0   78    0               00
     0            0        0   67 Integer          1    6    0               00
     0            0        0   68 Return           7    0    0               00
   281         5832       20   69 IfPos            5   71    0               00
     1          242      242   70 Return           7    0    0               00
   280        14000       50   71 AggFinal         1    1    0 sum(1)        00
   280        24098       86   72 Copy             1   26    2               00
     0            0        0   73 ResultRow       26    3    0               00
   280         6720       24   74 Return           7    0    0               00
   281        13160       46   75 Null             0    1    4               00
   281         5554       19   76 Integer          0    5    0               00
   281         5322       18   77 Return           8    0    0               00
     0            0        0   78 Halt             0    0    0               00
     1        31392    31392   79 Transaction      0    0    6 0             01
     1          224      224   80 String           7   15    0 AMERICA       00
     1           46       46   81 String           7   17    0 MFGR#12       00
     1           78       78   82 Goto             0    1    0               00
