     1          224      224    0 Init             1   81    0               00
     1          232      232    1 Noop             4    6    0               00
     1         1392     1392    2 SorterOpen       5    3    0 k(2,B,B)      00
     1           70       70    3 Integer          0    6    0               00
     1          112      112    4 Null             0    9   10               00
     1           20       20    5 Gosub            8   77    0               00
     1          660      660    6 OpenRead         0    6    0 13            00
     1          164      164    7 OpenRead         2    2    0 9             00
     1           88       88    8 OpenRead         1    5    0 5             00
     1           84       84    9 OpenRead         3    3    0 7             00
     1        12576    12576   10 Rewind           0   49    0               00
6001173    111216780       18   11 Once             1   29    0               00
     1           42       42   12 Explain         12    0    0 BLOOM FILTER ON part (p_partkey=?) 00
     1       130270   130270   13 Blob          196608   13    0               00
     1         5778     5778   14 Rewind           2   21    0               00
200000     13913888       69   15 Column           2    4   14               00
200000      8807534       44   16 Lt              16   20   14 BINARY-8      52
149493      5602416       37   17 Gt              17   20   14 BINARY-8      52
  1582        29832       18   18 Rowid            2   14    0               00
  1582        55414       35   19 FilterAdd       13    0   14 1             00
200000     19947206       99   20 Next             2   15    0               00
     1           74       74   21 Explain         21    0    0 BLOOM FILTER ON supplier (s_suppkey=?) 00
     1        24980    24980   22 Blob          10000   18    0               00
     1         8578     8578   23 Rewind           3   29    0               00
  2000       156804       78   24 Column           3    5   14               00
  2000        95776       47   25 Ne              19   28   14 BINARY-8      52
   449         8340       18   26 Rowid            3   14    0               00
   449        15336       34   27 FilterAdd       18    0   14 1             00
  2000       183724       91   28 Next             3   24    0               00
6001173    397114050       66   29 Column           0    3   20               00
6001173    221310852       36   30 Filter          13   48   20 1             00
 48979      1651556       33   31 Column           0    4   14               00
 48979      2324944       47   32 Filter          18   48   14 1             00
 10900     52683666     4833   33 SeekRowid        2   48   20               00
 10900      1006054       92   34 Column           2    4   15               00
 10900       530010       48   35 Lt              16   48   15 BINARY-8      52
 10822       517054       47   36 Gt              17   48   15 BINARY-8      52
 10577       411328       38   37 Column           0    5   22               00
 10577     21961114     2076   38 SeekRowid        1   48   22               00
 10577       278334       26   39 Column           0    4   23               00
 10577     20431938     1931   40 SeekRowid        3   48   23               00
 10577       925098       87   41 Column           3    5   15               00
 10577       439296       41   42 Ne              19   48   15 BINARY-8      52
 10577       897708       84   43 Column           1    4   24               00
 10577       327904       31   44 Column           2    4   25               00
 10577       583376       55   45 Column           0   12   26               00
 10577       716768       67   46 MakeRecord      24    3   15               00
 10577      1008906       95   47 SorterInsert     5   15    0               00
6001173    542758218       90   48 Next             0   11    0               01
     1         1090     1090   49 OpenPseudo       6   15    3               00
     1      8673414  8673414   50 SorterSort       5   80    0               00
 10577       196008       18   51 SorterData       5   15    6               00
 10577       383644       36   52 Column           6    0   11               00
 10577       404952       38   53 Column           6    1   12               00
 10577       476892       45   54 Compare          9   11    2 k(2,B,B)      00
 10577       194882       18   55 Jump            56   60   56               00
    56         2732       48   56 Move            11    9    2               00
    56         1418       25   57 Gosub            7   71    0               00
    56         1194       21   58 IfPos            6   80    0               00
    56         1076       19   59 Gosub            8   77    0               00
 10577       350938       33   60 Column           6    2   21               00
 10577       220934       20   61 AggStep1         0   21    1 sum(1)        01
 10577       196218       18   62 If               5   65    0               00
    56         1132       20   63 Column           6    0    2               00
    56         1798       32   64 Column           6    1    3               00
 10577       193942       18   65 Integer          1    5    0               00
 10577       194922       18   66 SorterNext       5   51    0               00
     1           34       34   67 Gosub            7   71    0               00
     1           32       32   68 Goto             0   80    0               00
     0            0        0   69 Integer          1    6    0               00
     0            0        0   70 Return           7    0    0               00
    57         1576       27   71 IfPos            5   73    0               00
     1          228      228   72 Return           7    0    0               00
    56         4608       82   73 AggFinal         1    1    0 sum(1)        00
    56         5878      104   74 Copy             1   27    2               00
     0            0        0   75 ResultRow       27    3    0               00
    56         1086       19   76 Return           7    0    0               00
    57         3098       54   77 Null             0    1    4               00
    57         1062       18   78 Integer          0    5    0               00
    57         1052       18   79 Return           8    0    0               00
     0            0        0   80 Halt             0    0    0               00
     1        35390    35390   81 Transaction      0    0    6 0             01
     1          200      200   82 String           9   16    0 MFGR#2221     00
     1           66       66   83 String           9   17    0 MFGR#2228     00
     1           80       80   84 String           4   19    0 ASIA          00
     1           52       52   85 Goto             0    1    0               00
