     1          200      200    0 Init             1  109    0               00
     1         1518     1518    1 SorterOpen       4    7    0 k(2,B,-B)     00
     1          366      366    2 SorterOpen       5    4    0 k(3,B,B,B)    00
     1           50       50    3 Integer          0    7    0               00
     1          140      140    4 Null             0   10   12               00
     1           44       44    5 Gosub            9   96    0               00
     1         1390     1390    6 OpenRead         1    6    0 13            00
     1          266      266    7 OpenRead         0    4    0 8             00
     1          128      128    8 OpenRead         2    3    0 7             00
     1          262      262    9 OpenRead         3    5    0 17            00
     1        10760    10760   10 Rewind           1   64    0               00
6001173    111704996       18   11 Once             1   38    0               00
     1           34       34   12 Explain         12    0    0 BLOOM FILTER ON customer (c_custkey=?) 00
     1         3220     3220   13 Blob          28672   16    0               00
     1        15708    15708   14 Rewind           0   20    0               00
 30000      2377540       79   15 Column           0    5   17               00
 30000      1464448       48   16 Ne              18   19   17 BINARY-8      52
  6051       113404       18   17 Rowid            0   17    0               00
  6051       227570       37   18 FilterAdd       16    0   17 1             00
 30000      3401906      113   19 Next             0   15    0               00
     1           82       82   20 Explain         20    0    0 BLOOM FILTER ON supplier (s_suppkey=?) 00
     1         3072     3072   21 Blob          10000   19    0               00
     1         9308     9308   22 Rewind           2   28    0               00
  2000       156696       78   23 Column           2    5   17               00
  2000        94464       47   24 Ne              18   27   17 BINARY-8      52
   449         8268       18   25 Rowid            2   17    0               00
   449        15278       34   26 FilterAdd       19    0   17 1             00
  2000       184870       92   27 Next             2   23    0               00
     1           32       32   28 Explain         28    0    0 BLOOM FILTER ON date (d_datekey=?) 00
     1         2458     2458   29 Blob          10000   20    0               00
     1         8980     8980   30 Rewind           3   38    0               00
  2557       166282       65   31 Column           3    4   17               00
  2557        47504       18   32 Lt              21   37   17 BINARY-8      54
  2557        47646       18   33 Column           3    4   17               00
  2557        47288       18   34 Gt              22   37   17 BINARY-8      54
  2192        40702       18   35 Rowid            3   17    0               00
  2192        74880       34   36 FilterAdd       20    0   17 1             00
  2557       215806       84   37 Next             3   31    0               00
6001173    385144166       64   38 Column           1    2   23               00
6001173    239967092       39   39 Filter          16   63   23 1             00
1297674     45086914       34   40 Column           1    4   17               00
1297674     58424946       45   41 Filter          19   63   17 1             00
291059     10054576       34   42 Column           1    5   24               00
291059      9974810       34   43 Filter          20   63   24 1             00
291059    579494772     1990   44 SeekRowid        0   63   23               00
291059     25967798       89   45 Column           0    5   25               00
291059     11884352       40   46 Ne              18   63   25 BINARY-8      52
270732     16547368       61   47 Column           1    4   26               00
270732    135770476      501   48 SeekRowid        2   63   26               00
270732     21740100       80   49 Column           2    5   25               00
270732     10474472       38   50 Ne              18   63   25 BINARY-8      52
270732     13675992       50   51 Column           1    5   27               00
270732    114734738      423   52 SeekRowid        3   63   27               00
270732     17916152       66   53 Column           3    4   25               00
270732      5937310       21   54 Lt              21   63   25 BINARY-8      54
270732      5190656       19   55 Column           3    4   25               00
270732      6660566       24   56 Gt              22   63   25 BINARY-8      54
246821      8363140       33   57 Column           0    4   28               00
246821      8215530       33   58 Column           2    4   29               00
246821      4918206       19   59 Column           3    4   30               00
246821     12598320       51   60 Column           1   12   31               00
246821     20754354       84   61 MakeRecord      28    4   25               00
246821    298609230     1209   62 SorterInsert     5   25    0               00
6001173    558577354       93   63 Next             1   11    0               01
     1         1892     1892   64 OpenPseudo       6   25    4               00
     1     67427300 67427300   65 SorterSort       5   99    0               00
246821      4624230       18   66 SorterData       5   25    6               00
246821     11203380       45   67 Column           6    0   13               00
246821      9567488       38   68 Column           6    1   14               00
246821      7734546       31   69 Column           6    2   15               00
246821     17445144       70   70 Compare         10   13    3 k(3,B,B,B)    00
246821      4538962       18   71 Jump            72   76   72               00
   150         8630       57   72 Move            13   10    3               00
   150         3018       20   73 Gosub            8   88    0               00
   150         2828       18   74 IfPos            7   99    0               00
   150         2834       18   75 Gosub            9   96    0               00
246821      8551352       34   76 Column           6    3   32               00
246821      5301358       21   77 AggStep1         0   32    4 sum(1)        01
246821      4567412       18   78 If               6   82    0               00
   150         4110       27   79 Column           6    0    1               00
   150         4638       30   80 Column           6    1    2               00
   150         3142       20   81 Column           6    2    3               00
246821      4534854       18   82 Integer          1    6    0               00
246821    100994322      409   83 SorterNext       5   66    0               00
     1           36       36   84 Gosub            8   88    0               00
     1           28       28   85 Goto             0   99    0               00
     0            0        0   86 Integer          1    7    0               00
     0            0        0   87 Return           8    0    0               00
   151         4212       27   88 IfPos            6   90    0               00
     1          270      270   89 Return           8    0    0               00
   150         4848       32   90 AggFinal         4    1    0 sum(1)        00
   150        18262      121   91 Copy             1   35    1               00
   150         5044       33   92 Copy             3   33    1               00
   150        15774      105   93 MakeRecord      33    4   39               00
   150        22250      148   94 SorterInsert     4   39   33 4             00
   150         2856       19   95 Return           8    0    0               00
   151         3446       22   96 Null             0    1    5               00
   151         2864       18   97 Integer          0    6    0               00
   151         2858       18   98 Return           9    0    0               00
     1          386      386   99 OpenPseudo       7   40    7               00
     1        47542    47542  100 SorterSort       4  108    0               00
   150         3054       20  101 SorterData       4   40    7               00
   150         6000       40  102 Column           7    1   38               00
   150         2858       19  103 Column           7    0   37               00
   150         6658       44  104 Column           7    3   36               00
   150         4572       30  105 Column           7    2   35               00
     0            0        0  106 ResultRow       35    4    0               00
   150         3418       22  107 SorterNext       4  101    0               00
     0            0        0  108 Halt             0    0    0               00
     1        35504    35504  109 Transaction      0    0    6 0             01
     1          148      148  110 String           4   18    0 ASIA          00
     1           80       80  111 Integer       1992   21    0               00
     1           20       20  112 Integer       1997   22    0               00
     1           48       48  113 Goto             0    1    0               00
