     1          230      230    0 Init             1  109    0               00
     1         1676     1676    1 SorterOpen       4    7    0 k(2,B,-B)     00
     1          290      290    2 SorterOpen       5    4    0 k(3,B,B,B)    00
     1           48       48    3 Integer          0    7    0               00
     1          136      136    4 Null             0   10   12               00
     1           26       26    5 Gosub            9   96    0               00
     1          702      702    6 OpenRead         1    6    0 13            00
     1           76       76    7 OpenRead         0    4    0 8             00
     1          106      106    8 OpenRead         2    3    0 7             00
     1          216      216    9 OpenRead         3    5    0 17            00
     1        12012    12012   10 Rewind           1   64    0               00
6001173    111466084       18   11 Once             1   38    0               00
     1           36       36   12 Explain         12    0    0 BLOOM FILTER ON customer (c_custkey=?) 00
     1         8140     8140   13 Blob          28672   16    0               00
     1         2224     2224   14 Rewind           0   20    0               00
 30000      2542376       84   15 Column           0    4   17               00
 30000      1183402       39   16 Ne              18   19   17 BINARY-8      52
  1260        42050       33   17 Rowid            0   17    0               00
  1260        45264       35   18 FilterAdd       16    0   17 1             00
 30000      2936678       97   19 Next             0   15    0               00
     1           78       78   20 Explain         20    0    0 BLOOM FILTER ON supplier (s_suppkey=?) 00
     1         3176     3176   21 Blob          10000   19    0               00
     1        12068    12068   22 Rewind           2   28    0               00
  2000       155726       77   23 Column           2    4   17               00
  2000        77194       38   24 Ne              18   27   17 BINARY-8      52
    76         1390       18   25 Rowid            2   17    0               00
    76         2622       34   26 FilterAdd       19    0   17 1             00
  2000       205546      102   27 Next             2   23    0               00
     1           22       22   28 Explain         28    0    0 BLOOM FILTER ON date (d_datekey=?) 00
     1         2434     2434   29 Blob          10000   20    0               00
     1         9288     9288   30 Rewind           3   38    0               00
  2557       175548       68   31 Column           3    4   17               00
  2557        47074       18   32 Lt              21   37   17 BINARY-8      54
  2557        48040       18   33 Column           3    4   17               00
  2557        47132       18   34 Gt              22   37   17 BINARY-8      54
  2192        40714       18   35 Rowid            3   17    0               00
  2192        74624       34   36 FilterAdd       20    0   17 1             00
  2557       235960       92   37 Next             3   31    0               00
6001173    355219212       59   38 Column           1    2   23               00
6001173    224327676       37   39 Filter          16   63   23 1             00
264616      9373030       35   40 Column           1    4   17               00
264616     10062180       38   41 Filter          19   63   17 1             00
 10168       355340       34   42 Column           1    5   24               00
 10168       339540       33   43 Filter          20   63   24 1             00
 10168     38098710     3746   44 SeekRowid        0   63   23               00
 10168       931950       91   45 Column           0    4   25               00
 10168       428110       42   46 Ne              18   63   25 BINARY-8      52
  9497       637712       67   47 Column           1    4   26               00
  9497     14948942     1574   48 SeekRowid        2   63   26               00
  9497       794922       83   49 Column           2    4   25               00
  9497       353068       37   50 Ne              18   63   25 BINARY-8      52
  9497       561544       59   51 Column           1    5   27               00
  9497     19885356     2093   52 SeekRowid        3   63   27               00
  9497       705586       74   53 Column           3    4   25               00
  9497       220258       23   54 Lt              21   63   25 BINARY-8      54
  9497       198950       20   55 Column           3    4   25               00
  9497       252704       26   56 Gt              22   63   25 BINARY-8      54
  8606       220718       25   57 Column           0    3   28               00
  8606       236982       27   58 Column           2    3   29               00
  8606       167580       19   59 Column           3    4   30               00
  8606       495314       57   60 Column           1   12   31               00
  8606       744196       86   61 MakeRecord      28    4   25               00
  8606       265334       30   62 SorterInsert     5   25    0               00
6001173    540745218       90   63 Next             1   11    0               01
     1         1412     1412   64 OpenPseudo       6   25    4               00
     1      9729670  9729670   65 SorterSort       5   99    0               00
  8606       160802       18   66 SorterData       5   25    6               00
  8606       375376       43   67 Column           6    0   13               00
  8606       332966       38   68 Column           6    1   14               00
  8606       256818       29   69 Column           6    2   15               00
  8606       638328       74   70 Compare         10   13    3 k(3,B,B,B)    00
  8606       158396       18   71 Jump            72   76   72               00
   600        27152       45   72 Move            13   10    3               00
   600        11238       18   73 Gosub            8   88    0               00
   600        11012       18   74 IfPos            7   99    0               00
   600        11130       18   75 Gosub            9   96    0               00
  8606       280302       32   76 Column           6    3   32               00
  8606       228930       26   77 AggStep1         0   32    4 sum(1)        01
  8606       158482       18   78 If               6   82    0               00
   600        14774       24   79 Column           6    0    1               00
   600        14354       23   80 Column           6    1    2               00
   600        11182       18   81 Column           6    2    3               00
  8606       157636       18   82 Integer          1    6    0               00
  8606       158596       18   83 SorterNext       5   66    0               00
     1           38       38   84 Gosub            8   88    0               00
     1           30       30   85 Goto             0   99    0               00
     0            0        0   86 Integer          1    7    0               00
     0            0        0   87 Return           8    0    0               00
   601        11394       18   88 IfPos            6   90    0               00
     1           92       92   89 Return           8    0    0               00
   600        18320       30   90 AggFinal         4    1    0 sum(1)        00
   600        54598       90   91 Copy             1   35    1               00
   600        18560       30   92 Copy             3   33    1               00
   600        47572       79   93 MakeRecord      33    4   39               00
   600        20176       33   94 SorterInsert     4   39   33 4             00
   600        11140       18   95 Return           8    0    0               00
   601        12402       20   96 Null             0    1    5               00
   601        11224       18   97 Integer          0    6    0               00
   601        11128       18   98 Return           9    0    0               00
     1          132      132   99 OpenPseudo       7   40    7               00
     1       246072   246072  100 SorterSort       4  108    0               00
   600        11108       18  101 SorterData       4   40    7               00
   600        23616       39  102 Column           7    1   38               00
   600        11396       18  103 Column           7    0   37               00
   600        21950       36  104 Column           7    3   36               00
   600        13404       22  105 Column           7    2   35               00
     0            0        0  106 ResultRow       35    4    0               00
   600        12516       20  107 SorterNext       4  101    0               00
     0            0        0  108 Halt             0    0    0               00
     1        35374    35374  109 Transaction      0    0    6 0             01
     1          232      232  110 String          13   18    0 UNITED STATES 00
     1           62       62  111 Integer       1992   21    0               00
     1           36       36  112 Integer       1997   22    0               00
     1           50       50  113 Goto             0    1    0               00
