     1          190      190    0 Init             1  117    0               00
     1         1324     1324    1 SorterOpen       4    7    0 k(2,B,-B)     00
     1          302      302    2 SorterOpen       5    4    0 k(3,B,B,B)    00
     1           28       28    3 Integer          0    7    0               00
     1           96       96    4 Null             0   10   12               00
     1           26       26    5 Gosub            9  104    0               00
     1          748      748    6 OpenRead         1    6    0 13            00
     1          200      200    7 OpenRead         0    4    0 8             00
     1          158      158    8 OpenRead         2    3    0 7             00
     1          206      206    9 OpenRead         3    5    0 17            00
     1        11020    11020   10 Rewind           1   72    0               00
6001173    111508068       18   11 Once             1   42    0               00
     1           38       38   12 Explain         12    0    0 BLOOM FILTER ON customer (c_custkey=?) 00
     1         8652     8652   13 Blob          28672   16    0               00
     1         6250     6250   14 Rewind           0   22    0               00
 30000      2014034       67   15 Column           0    3   17               00
 30000      1155624       38   16 Eq              18   19   17 BINARY-8      42
 29904       698348       23   17 Column           0    3   17               00
 29904      1106306       36   18 Ne              19   21   17 BINARY-8      52
   221         4576       20   19 Rowid            0   17    0               00
   221         7984       36   20 FilterAdd       16    0   17 1             00
 30000      3181230      106   21 Next             0   15    0               00
     1           70       70   22 Explain         22    0    0 BLOOM FILTER ON supplier (s_suppkey=?) 00
     1         4352     4352   23 Blob          10000   20    0               00
     1        10106    10106   24 Rewind           2   32    0               00
  2000       127824       63   25 Column           2    3   17               00
  2000        74824       37   26 Eq              18   29   17 BINARY-8      42
  1990        45736       22   27 Column           2    3   17               00
  1990        72606       36   28 Ne              19   31   17 BINARY-8      52
    18          360       20   29 Rowid            2   17    0               00
    18          614       34   30 FilterAdd       20    0   17 1             00
  2000       185596       92   31 Next             2   25    0               00
     1           38       38   32 Explain         32    0    0 BLOOM FILTER ON date (d_datekey=?) 00
     1         2260     2260   33 Blob          10000   21    0               00
     1         8790     8790   34 Rewind           3   42    0               00
  2557       164384       64   35 Column           3    4   17               00
  2557        47320       18   36 Lt              22   41   17 BINARY-8      54
  2557        48066       18   37 Column           3    4   17               00
  2557        47484       18   38 Gt              23   41   17 BINARY-8      54
  2192        40744       18   39 Rowid            3   17    0               00
  2192        75140       34   40 FilterAdd       21    0   17 1             00
  2557       217296       84   41 Next             3   35    0               00
6001173    352212672       58   42 Column           1    2   24               00
6001173    220070842       36   43 Filter          16   71   24 1             00
 44349      1561616       35   44 Column           1    4   17               00
 44349      1648482       37   45 Filter          20   71   17 1             00
   404        18956       46   46 Column           1    5   25               00
   404        13788       34   47 Filter          21   71   25 1             00
   404      2134530     5283   48 SeekRowid        0   71   24               00
   404        45912      113   49 Column           0    3   26               00
   404        45054      111   50 Eq              18   53   26 BINARY-8      42
   221         7254       32   51 Column           0    3   26               00
   221         9802       44   52 Ne              19   71   26 BINARY-8      52
   382        18826       49   53 Column           1    4   27               00
   382      1341560     3511   54 SeekRowid        2   71   27               00
   382        35514       92   55 Column           2    3   26               00
   382        21368       55   56 Eq              18   59   26 BINARY-8      42
   151         4540       30   57 Column           2    3   26               00
   151         5620       37   58 Ne              19   71   26 BINARY-8      52
   382        21598       56   59 Column           1    5   28               00
   382      1494320     3911   60 SeekRowid        3   71   28               00
   382        32526       85   61 Column           3    4   26               00
   382        11056       28   62 Lt              22   71   26 BINARY-8      54
   382         8020       20   63 Column           3    4   26               00
   382        15806       41   64 Gt              23   71   26 BINARY-8      54
   339        10388       30   65 Column           0    3   29               00
   339        11362       33   66 Column           2    3   30               00
   339         6786       20   67 Column           3    4   31               00
   339        18886       55   68 Column           1   12   32               00
   339        41462      122   69 MakeRecord      29    4   26               00
   339        26614       78   70 SorterInsert     5   26    0               00
6001173    539692000       89   71 Next             1   11    0               01
     1          832      832   72 OpenPseudo       6   26    4               00
     1       268864   268864   73 SorterSort       5  107    0               00
   339         6734       19   74 SorterData       5   26    6               00
   339        15032       44   75 Column           6    0   13               00
   339        13688       40   76 Column           6    1   14               00
   339        10638       31   77 Column           6    2   15               00
   339        26290       77   78 Compare         10   13    3 k(3,B,B,B)    00
   339         6596       19   79 Jump            80   84   80               00
    24         1648       68   80 Move            13   10    3               00
    24          568       23   81 Gosub            8   96    0               00
    24          462       19   82 IfPos            7  107    0               00
    24          456       19   83 Gosub            9  104    0               00
   339        11608       34   84 Column           6    3   33               00
   339        10882       32   85 AggStep1         0   33    4 sum(1)        01
   339         6574       19   86 If               6   90    0               00
    24          772       32   87 Column           6    0    1               00
    24          702       29   88 Column           6    1    2               00
    24          564       23   89 Column           6    2    3               00
   339         6254       18   90 Integer          1    6    0               00
   339         6578       19   91 SorterNext       5   74    0               00
     1           38       38   92 Gosub            8   96    0               00
     1           30       30   93 Goto             0  107    0               00
     0            0        0   94 Integer          1    7    0               00
     0            0        0   95 Return           8    0    0               00
    25          746       29   96 IfPos            6   98    0               00
     1           84       84   97 Return           8    0    0               00
    24         1714       71   98 AggFinal         4    1    0 sum(1)        00
    24         2902      120   99 Copy             1   36    1               00
    24          800       33  100 Copy             3   34    1               00
    24         2320       96  101 MakeRecord      34    4   40               00
    24         1236       51  102 SorterInsert     4   40   34 4             00
    24          478       19  103 Return           8    0    0               00
    25          976       39  104 Null             0    1    5               00
    25          680       27  105 Integer          0    6    0               00
    25          502       20  106 Return           9    0    0               00
     1           84       84  107 OpenPseudo       7   41    7               00
     1         6260     6260  108 SorterSort       4  116    0               00
    24          510       21  109 SorterData       4   41    7               00
    24         1002       41  110 Column           7    1   39               00
    24          534       22  111 Column           7    0   38               00
    24         1024       42  112 Column           7    3   37               00
    24          536       22  113 Column           7    2   36               00
     0            0        0  114 ResultRow       36    4    0               00
    24          546       22  115 SorterNext       4  109    0               00
     0            0        0  116 Halt             0    0    0               00
     1        36656    36656  117 Transaction      0    0    6 0             01
     1          250      250  118 String          10   18    0 UNITED KI1    00
     1          152      152  119 String          10   19    0 UNITED KI5    00
     1           64       64  120 Integer       1992   22    0               00
     1           18       18  121 Integer       1997   23    0               00
     1           42       42  122 Goto             0    1    0               00
