     1          392      392    0 Init             1  120    0               00
     1          228      228    1 Noop             5    8    0               00
     1         2598     2598    2 SorterOpen       6    5    0 k(3,B,B,B)    00
     1           44       44    3 Integer          0    8    0               00
     1          100      100    4 Null             0   11   13               00
     1          176      176    5 Gosub           10  116    0               00
     1          852      852    6 OpenRead         4    7    0 14            00
     1          112      112    7 OpenRead         0    6    0 17            00
     1          310      310    8 OpenRead         2    4    0 7             00
     1           84       84    9 OpenRead         1    5    0 8             00
     1          218      218   10 OpenRead         3    3    0 9             00
     1         7328     7328   11 Rewind           4   84    0               00
29999810    564141154       18   12 Once             1   49    0               00
     1           26       26   13 Explain         13    0    0 BLOOM FILTER ON date (d_datekey=?) 00
     1         3236     3236   14 Blob          10000   17    0               00
     1         3396     3396   15 Rewind           0   23    0               00
  2557       412916      161   16 Column           0    4   18               00
  2557        51290       20   17 Eq              19   20   18 BINARY-8      44
  2192        43958       20   18 Column           0    4   18               00
  2192        43320       19   19 Ne              20   22   18 BINARY-8      54
   730        15748       21   20 Rowid            0   18    0               00
   730        27898       38   21 FilterAdd       17    0   18 1             00
  2557        79872       31   22 Next             0   16    0               00
     1           36       36   23 Explain         23    0    0 BLOOM FILTER ON supplier (s_suppkey=?) 00
     1         2824     2824   24 Blob          10000   21    0               00
     1         1794     1794   25 Rewind           2   31    0               00
 10000      1503602      150   26 Column           2    5   18               00
 10000       517526       51   27 Ne              22   30   18 BINARY-8      52
  2036        38600       18   28 Rowid            2   18    0               00
  2036        72320       35   29 FilterAdd       21    0   18 1             00
 10000       217126       21   30 Next             2   26    0               00
     1           20       20   31 Explain         31    0    0 BLOOM FILTER ON customer (c_custkey=?) 00
     1        48510    48510   32 Blob          147456   23    0               00
     1         2958     2958   33 Rewind           1   39    0               00
150000     23048740      153   34 Column           1    5   18               00
150000      7143946       47   35 Ne              22   38   18 BINARY-8      52
 29952       550438       18   36 Rowid            1   18    0               00
 29952      1031492       34   37 FilterAdd       23    0   18 1             00
150000      3189806       21   38 Next             1   34    0               00
     1           84       84   39 Explain         39    0    0 BLOOM FILTER ON part (p_partkey=?) 00
     1       194298   194298   40 Blob          589824   24    0               00
     1         2718     2718   41 Rewind           3   49    0               00
600000     75838924      126   42 Column           3    2   18               00
600000     23987006       39   43 Eq              25   46   18 BINARY-8      42
479783     13355764       27   44 Column           3    2   18               00
479783     20478480       42   45 Ne              26   48   18 BINARY-8      52
239864      4420064       18   46 Rowid            3   18    0               00
239864      8199804       34   47 FilterAdd       24    0   18 1             00
600000     12694938       21   48 Next             3   42    0               00
29999810   3799194334      126   49 Column           4    5   27               00
29999810   1001413526       33   50 Filter          17   83   27 1             00
29974619    579627510       19   51 Column           4    4   18               00
29974619   1269142298       42   52 Filter          21   83   18 1             00
6105807    153813538       25   53 Column           4    2   28               00
6105807    271606262       44   54 Filter          23   83   28 1             00
1252951     27218542       21   55 Column           4    3   29               00
1252951     84761606       67   56 Filter          24   83   29 1             00
509557    236995264      465   57 SeekRowid        0   83   27               00
509557     32797370       64   58 Column           0    4   30               00
509557     13100204       25   59 Eq              19   62   30 BINARY-8      44
431615      8111658       18   60 Column           0    4   30               00
431615      8196618       18   61 Ne              20   83   30 BINARY-8      54
122946      2419820       19   62 Column           4    4   31               00
122946    103090848      838   63 SeekRowid        2   83   31               00
122946     10902362       88   64 Column           2    5   30               00
122946      5184158       42   65 Ne              22   83   30 BINARY-8      52
122946      3631074       29   66 Column           4    2   32               00
122946    190497816     1549   67 SeekRowid        1   83   32               00
122946     11286628       91   68 Column           1    5   30               00
122946     15881074      129   69 Ne              22   83   30 BINARY-8      52
119709      3372170       28   70 Column           4    3   33               00
119709    254823646     2128   71 SeekRowid        3   83   33               00
119709      9252274       77   72 Column           3    2   30               00
119709      7724186       64   73 Eq              25   76   30 BINARY-8      42
 60665      1875496       30   74 Column           3    2   30               00
 60665      2321546       38   75 Ne              26   83   30 BINARY-8      52
117874      4420090       37   76 Column           0    4   34               00
117874      5995946       50   77 Column           2    4   35               00
117874      4499912       38   78 Column           3    3   36               00
117874      5667592       48   79 Column           4   12   37               00
117874      3818142       32   80 Column           4   13   38               00
117874     11975852      101   81 MakeRecord      34    5   30               00
117874      5856270       49   82 SorterInsert     6   30    0               00
29999810    630450722       21   83 Next             4   12    0               01
     1         1126     1126   84 OpenPseudo       7   30    5               00
     1    195821842 195821842   85 SorterSort       6  119    0               00
117874      2231482       18   86 SorterData       6   30    7               00
117874      4220354       35   87 Column           7    0   14               00
117874      4450570       37   88 Column           7    1   15               00
117874      4404204       37   89 Column           7    2   16               00
117874      8039232       68   90 Compare         11   14    3 k(3,B,B,B)    00
117874      2162236       18   91 Jump            92   96   92               00
   100         6550       65   92 Move            14   11    3               00
   100         2130       21   93 Gosub            9  110    0               00
   100         1886       18   94 IfPos            8  119    0               00
   100         1886       18   95 Gosub           10  116    0               00
117874      3972714       33   96 Column           7    3   40               00
117874      3745834       31   97 Column           7    4   41               00
117874      2224350       18   98 Subtract        41   40   39               00
117874      2560348       21   99 AggStep1         0   39    4 sum(1)        01
117874      2168506       18  100 If               7  104    0               00
   100         2028       20  101 Column           7    0    1               00
   100         3178       31  102 Column           7    1    2               00
   100         2870       28  103 Column           7    2    3               00
117874      2168686       18  104 Integer          1    7    0               00
117874      2175836       18  105 SorterNext       6   86    0               00
     1           96       96  106 Gosub            9  110    0               00
     1           28       28  107 Goto             0  119    0               00
     0            0        0  108 Integer          1    8    0               00
     0            0        0  109 Return           9    0    0               00
   101         2024       20  110 IfPos            7  112    0               00
     1          102      102  111 Return           9    0    0               00
   100         7976       79  112 AggFinal         4    1    0 sum(1)        00
   100        16156      161  113 Copy             1   42    3               00
     0            0        0  114 ResultRow       42    4    0               00
   100         2308       23  115 Return           9    0    0               00
   101         5718       56  116 Null             0    1    6               00
   101         1992       19  117 Integer          0    7    0               00
   101         1904       18  118 Return          10    0    0               00
     0            0        0  119 Halt             0    0    0               00
     1        35556    35556  120 Transaction      0    0    6 0             01
     1           50       50  121 Integer       1997   19    0               00
     1           18       18  122 Integer       1998   20    0               00
     1          360      360  123 String           7   22    0 AMERICA       00
     1           44       44  124 String           6   25    0 MFGR#1        00
     1           44       44  125 String           6   26    0 MFGR#2        00
     1           82       82  126 Goto             0    1    0               00
