     1          340      340    0 Init             1  116    0               00
     1           96       96    1 Noop             5    8    0               00
     1         2266     2266    2 SorterOpen       6    5    0 k(3,B,B,B)    00
     1           44       44    3 Integer          0    8    0               00
     1           82       82    4 Null             0   11   13               00
     1           40       40    5 Gosub           10  112    0               00
     1         1282     1282    6 OpenRead         4    7    0 14            00
     1          174      174    7 OpenRead         0    6    0 17            00
     1          168      168    8 OpenRead         2    4    0 7             00
     1           96       96    9 OpenRead         1    5    0 8             00
     1          104      104   10 OpenRead         3    3    0 9             00
     1         5416     5416   11 Rewind           4   80    0               00
29999810    562587406       18   12 Once             1   47    0               00
     1           26       26   13 Explain         13    0    0 BLOOM FILTER ON date (d_datekey=?) 00
     1         2540     2540   14 Blob          10000   17    0               00
     1         1656     1656   15 Rewind           0   23    0               00
  2557       265928      104   16 Column           0    4   18               00
  2557        49752       19   17 Eq              19   20   18 BINARY-8      44
  2192        42652       19   18 Column           0    4   18               00
  2192        42534       19   19 Ne              20   22   18 BINARY-8      54
   730        15192       20   20 Rowid            0   18    0               00
   730        26674       36   21 FilterAdd       17    0   18 1             00
  2557        57034       22   22 Next             0   16    0               00
     1           34       34   23 Explain         23    0    0 BLOOM FILTER ON supplier (s_suppkey=?) 00
     1         2444     2444   24 Blob          10000   21    0               00
     1         1530     1530   25 Rewind           2   31    0               00
 10000      1089964      108   26 Column           2    4   18               00
 10000       402508       40   27 Ne              22   30   18 BINARY-8      52
   393         7854       19   28 Rowid            2   18    0               00
   393        14496       36   29 FilterAdd       21    0   18 1             00
 10000       220572       22   30 Next             2   26    0               00
     1           36       36   31 Explain         31    0    0 BLOOM FILTER ON customer (c_custkey=?) 00
     1        43362    43362   32 Blob          147456   23    0               00
     1         2104     2104   33 Rewind           1   39    0               00
150000     23605574      157   34 Column           1    5   18               00
150000      7144452       47   35 Ne              24   38   18 BINARY-8      52
 29952       550864       18   36 Rowid            1   18    0               00
 29952      1045428       34   37 FilterAdd       23    0   18 1             00
150000      3194948       21   38 Next             1   34    0               00
     1           42       42   39 Explain         39    0    0 BLOOM FILTER ON part (p_partkey=?) 00
     1       181968   181968   40 Blob          589824   25    0               00
     1         3790     3790   41 Rewind           3   47    0               00
600000     79752074      132   42 Column           3    3   18               00
600000     35709960       59   43 Ne              26   46   18 BINARY-8      52
 24040       443398       18   44 Rowid            3   18    0               00
 24040       832030       34   45 FilterAdd       25    0   18 1             00
600000     12597998       20   46 Next             3   42    0               00
29999810   3650841280      121   47 Column           4    5   27               00
29999810   1005659006       33   48 Filter          17   79   27 1             00
29974619    566672368       18   49 Column           4    4   18               00
29974619   1118512696       37   50 Filter          21   79   18 1             00
1179346     29881318       25   51 Column           4    2   28               00
1179346     54116722       45   52 Filter          23   79   28 1             00
242684      5317798       21   53 Column           4    3   29               00
242684      9685962       39   54 Filter          25   79   29 1             00
  9881      8766934      887   55 SeekRowid        0   79   27               00
  9881       920530       93   56 Column           0    4   30               00
  9881       390594       39   57 Eq              19   60   30 BINARY-8      44
  8349       158654       19   58 Column           0    4   30               00
  8349       227016       27   59 Ne              20   79   30 BINARY-8      54
  2414        50174       20   60 Column           4    4   31               00
  2414      3214140     1331   61 SeekRowid        2   79   31               00
  2414       326882      135   62 Column           2    4   30               00
  2414       172558       71   63 Ne              22   79   30 BINARY-8      52
  2414        76008       31   64 Column           4    2   32               00
  2414      5752242     2382   65 SeekRowid        1   79   32               00
  2414       281084      116   66 Column           1    5   30               00
  2414       113046       46   67 Ne              24   79   30 BINARY-8      52
  2360       122940       52   68 Column           4    3   33               00
  2360      6527332     2765   69 SeekRowid        3   79   33               00
  2360       218388       92   70 Column           3    3   30               00
  2360        94980       40   71 Ne              26   79   30 BINARY-8      52
  2288       122440       53   72 Column           0    4   34               00
  2288        82420       36   73 Column           2    3   35               00
  2288        95484       41   74 Column           3    4   36               00
  2288       122762       53   75 Column           4   12   37               00
  2288        84668       37   76 Column           4   13   38               00
  2288       377488      164   77 MakeRecord      34    5   30               00
  2288       295518      129   78 SorterInsert     6   30    0               00
29999810    611082954       20   79 Next             4   12    0               01
     1          818      818   80 OpenPseudo       7   30    5               00
     1      2584590  2584590   81 SorterSort       6  115    0               00
  2288        44334       19   82 SorterData       6   30    7               00
  2288        84610       36   83 Column           7    0   14               00
  2288        97260       42   84 Column           7    1   15               00
  2288       113236       49   85 Column           7    2   16               00
  2288       198410       86   86 Compare         11   14    3 k(3,B,B,B)    00
  2288        42284       18   87 Jump            88   92   88               00
   742        30572       41   88 Move            14   11    3               00
   742        13900       18   89 Gosub            9  106    0               00
   742        13574       18   90 IfPos            8  115    0               00
   742        13576       18   91 Gosub           10  112    0               00
  2288        86820       37   92 Column           7    3   40               00
  2288        74478       32   93 Column           7    4   41               00
  2288        43270       18   94 Subtract        41   40   39               00
  2288        72294       31   95 AggStep1         0   39    4 sum(1)        01
  2288        42430       18   96 If               7  100    0               00
   742        13860       18   97 Column           7    0    1               00
   742        15780       21   98 Column           7    1    2               00
   742        16966       22   99 Column           7    2    3               00
  2288        42102       18  100 Integer          1    7    0               00
  2288        42354       18  101 SorterNext       6   82    0               00
     1           34       34  102 Gosub            9  106    0               00
     1           28       28  103 Goto             0  115    0               00
     0            0        0  104 Integer          1    8    0               00
     0            0        0  105 Return           9    0    0               00
   743        13666       18  106 IfPos            7  108    0               00
     1          240      240  107 Return           9    0    0               00
   742        19428       26  108 AggFinal         4    1    0 sum(1)        00
   742        80928      109  109 Copy             1   42    3               00
     0            0        0  110 ResultRow       42    4    0               00
   742        17152       23  111 Return           9    0    0               00
   743        16608       22  112 Null             0    1    6               00
   743        13780       18  113 Integer          0    7    0               00
   743        13676       18  114 Return          10    0    0               00
     0            0        0  115 Halt             0    0    0               00
     1        35792    35792  116 Transaction      0    0    6 0             01
     1           52       52  117 Integer       1997   19    0               00
     1           18       18  118 Integer       1998   20    0               00
     1          206      206  119 String          13   22    0 UNITED STATES 00
     1           44       44  120 String           7   24    0 AMERICA       00
     1           20       20  121 String           7   26    0 MFGR#14       00
     1           44       44  122 Goto             0    1    0               00
