     1          270      270    0 Init             1   33    0               00
     1          292      292    1 Null             0    1    3               00
     1          434      434    2 OpenRead         0    6    0 12            00
     1          182      182    3 OpenRead         1    5    0 17            00
     1        14326    14326    4 Rewind           0   29    0               00
6001173    532689304       88    5 Column           0   11    4               00
6001173    122745262       20    6 Lt               6   28    4 BINARY-8      54
5456303    130687052       23    7 Gt               7   28    4 BINARY-8      54
1636870     31503210       19    8 Column           0    8    4               00
1636870     48042918       29    9 Ge               8   28    4 BINARY-8      54
785623     14440444       18   10 Once             1   19    0               00
     1           88       88   11 Explain         11    0    0 BLOOM FILTER ON date (d_datekey=?) 00
     1         2636     2636   12 Blob          10000    9    0               00
     1          638      638   13 Rewind           1   19    0               00
  2557       203354       79   14 Column           1    4    4               00
  2557        46854       18   15 Ne              10   18    4 BINARY-8      54
   365         6928       18   16 Rowid            1    4    0               00
   365        12840       35   17 FilterAdd        9    0    4 1             00
  2557        53176       20   18 Next             1   14    0               00
785623     15959588       20   19 Column           0    5   11               00
785623     26092622       33   20 Filter           9   28   11 1             00
784962    302639938      385   21 SeekRowid        1   28   11               00
784962     50721398       64   22 Column           1    4    4               00
784962     21668316       27   23 Ne              10   28    4 BINARY-8      54
118735      2264034       19   24 Column           0    9    5               00
118735      3528072       29   25 Column           0   11   12               00
118735      2216714       18   26 Multiply        12    5    4               00
118735      2768162       23   27 AggStep1         0    4    1 sum(1)        01
6001173    540841524       90   28 Next             0    5    0               01
     1         1678     1678   29 AggFinal         1    1    0 sum(1)        00
     1          888      888   30 Copy             1   13    0               00
     0            0        0   31 ResultRow       13    1    0               00
     0            0        0   32 Halt             0    0    0               00
     1        20090    20090   33 Transaction      0    0    6 0             01
     1           68       68   34 Integer          1    6    0               00
     1           20       20   35 Integer          3    7    0               00
     1           20       20   36 Integer         25    8    0               00
     1           18       18   37 Integer       1993   10    0               00
     1           38       38   38 Goto             0    1    0               00
