     1          208      208    0 Init             1   34    0               00
     1          160      160    1 Null             0    1    3               00
     1          708      708    2 OpenRead         0    6    0 12            00
     1          148      148    3 OpenRead         1    5    0 17            00
     1        12120    12120    4 Rewind           0   30    0               00
6001173    516720054       86    5 Column           0   11    4               00
6001173    156415240       26    6 Lt               6   29    4 BINARY-8      54
3819433    101547586       26    7 Gt               7   29    4 BINARY-8      54
1636834     31265524       19    8 Column           0    8    4               00
1636834     48170968       29    9 Lt               8   29    4 BINARY-8      54
820016     21996700       26   10 Gt               9   29    4 BINARY-8      54
327915      6041258       18   11 Once             1   20    0               00
     1           44       44   12 Explain         12    0    0 BLOOM FILTER ON date (d_datekey=?) 00
     1         2760     2760   13 Blob          10000   10    0               00
     1         1304     1304   14 Rewind           1   20    0               00
  2557       226328       88   15 Column           1    5    4               00
  2557        50368       19   16 Ne              11   19    4 BINARY-8      54
    31         1002       32   17 Rowid            1    4    0               00
    31         1420       45   18 FilterAdd       10    0    4 1             00
  2557        71200       27   19 Next             1   15    0               00
327915      6628488       20   20 Column           0    5   12               00
327915     12909336       39   21 Filter          10   29   12 1             00
 29253     13601092      464   22 SeekRowid        1   29   12               00
 29253      1995838       68   23 Column           1    5    4               00
 29253       869330       29   24 Ne              11   29    4 BINARY-8      54
  4251        80392       18   25 Column           0    9    5               00
  4251        78728       18   26 Column           0   11   13               00
  4251        79830       18   27 Multiply        13    5    4               00
  4251       274696       64   28 AggStep1         0    4    1 sum(1)        01
6001173    537684630       89   29 Next             0    5    0               01
     1         2520     2520   30 AggFinal         1    1    0 sum(1)        00
     1         1206     1206   31 Copy             1   14    0               00
     0            0        0   32 ResultRow       14    1    0               00
     0            0        0   33 Halt             0    0    0               00
     1        31888    31888   34 Transaction      0    0    6 0             01
     1           74       74   35 Integer          4    6    0               00
     1           20       20   36 Integer          6    7    0               00
     1           38       38   37 Integer         26    8    0               00
     1           18       18   38 Integer         35    9    0               00
     1           18       18   39 Integer       199401   11    0               00
     1           94       94   40 Goto             0    1    0               00
