     1          140      140    0 Init             1   38    0               00
     1          300      300    1 Null             0    1    3               00
     1          498      498    2 OpenRead         0    6    0 12            00
     1          148      148    3 OpenRead         1    5    0 17            00
     1        11788    11788    4 Rewind           0   34    0               00
6001173    516519018       86    5 Column           0   11    4               00
6001173    171039760       28    6 Lt               6   33    4 BINARY-8      54
3273942     91852216       28    7 Gt               7   33    4 BINARY-8      54
1637846     31314246       19    8 Column           0    8    4               00
1637846     40699882       24    9 Lt               8   33    4 BINARY-8      54
492959     12070850       24   10 Gt               9   33    4 BINARY-8      54
164092      3029302       18   11 Once             1   22    0               00
     1          222      222   12 Explain         12    0    0 BLOOM FILTER ON date (d_datekey=?) 00
     1         2514     2514   13 Blob          10000   10    0               00
     1         1624     1624   14 Rewind           1   22    0               00
  2557       251980       98   15 Column           1   11    4               00
  2557        52856       20   16 Ne              11   21    4 BINARY-8      54
    49         1234       25   17 Column           1    4    4               00
    49         1104       22   18 Ne              12   21    4 BINARY-8      54
     7          504       72   19 Rowid            1    4    0               00
     7          552       78   20 FilterAdd       10    0    4 1             00
  2557       212442       83   21 Next             1   15    0               00
164092      3347056       20   22 Column           0    5   13               00
164092      5950266       36   23 Filter          10   33   13 1             00
  3305      3215032      972   24 SeekRowid        1   33   13               00
  3305       283800       85   25 Column           1   11    4               00
  3305        75188       22   26 Ne              11   33    4 BINARY-8      54
  3305       162960       49   27 Column           1    4    4               00
  3305        94242       28   28 Ne              12   33    4 BINARY-8      54
   470         8900       18   29 Column           0    9    5               00
   470         8880       18   30 Column           0   11   14               00
   470         9620       20   31 Multiply        14    5    4               00
   470        50574      107   32 AggStep1         0    4    1 sum(1)        01
6001173    537476456       89   33 Next             0    5    0               01
     1         2016     2016   34 AggFinal         1    1    0 sum(1)        00
     1          620      620   35 Copy             1   15    0               00
     0            0        0   36 ResultRow       15    1    0               00
     0            0        0   37 Halt             0    0    0               00
     1        64610    64610   38 Transaction      0    0    6 0             01
     1           70       70   39 Integer          5    6    0               00
     1           22       22   40 Integer          7    7    0               00
     1           20       20   41 Integer         36    8    0               00
     1           20       20   42 Integer         40    9    0               00
     1           20       20   43 Integer          6   11    0               00
     1           20       20   44 Integer       1994   12    0               00
     1           50       50   45 Goto             0    1    0               00
