     1          182      182    0 Init             1   79    0               00
     1           42       42    1 Noop             4    6    0               00
     1         1272     1272    2 SorterOpen       5    3    0 k(2,B,B)      00
     1          130      130    3 Integer          0    6    0               00
     1           70       70    4 Null             0    9   10               00
     1           68       68    5 Gosub            8   75    0               00
     1          696      696    6 OpenRead         0    6    0 13            00
     1          102      102    7 OpenRead         2    2    0 9             00
     1          212      212    8 OpenRead         1    5    0 5             00
     1          108      108    9 OpenRead         3    3    0 7             00
     1        11268    11268   10 Rewind           0   47    0               00
6001173    111147968       18   11 Once             1   28    0               00
     1           34       34   12 Explain         12    0    0 BLOOM FILTER ON part (p_partkey=?) 00
     1        58296    58296   13 Blob          196608   13    0               00
     1         6508     6508   14 Rewind           2   20    0               00
200000     14009162       70   15 Column           2    4   14               00
200000      9701436       48   16 Ne              15   19   14 BINARY-8      52
   196         4260       21   17 Rowid            2   14    0               00
   196         7880       40   18 FilterAdd       13    0   14 1             00
200000     20017368      100   19 Next             2   15    0               00
     1           86       86   20 Explain         20    0    0 BLOOM FILTER ON supplier (s_suppkey=?) 00
     1         3718     3718   21 Blob          10000   16    0               00
     1         9188     9188   22 Rewind           3   28    0               00
  2000       157478       78   23 Column           3    5   14               00
  2000        85018       42   24 Ne              17   27   14 BINARY-8      52
   380         7090       18   25 Rowid            3   14    0               00
   380        13082       34   26 FilterAdd       16    0   14 1             00
  2000       178738       89   27 Next             3   23    0               00
6001173    393616448       65   28 Column           0    3   18               00
6001173    219089064       36   29 Filter          13   46   18 1             00
  6239       217294       34   30 Column           0    4   14               00
  6239       302562       48   31 Filter          16   46   14 1             00
  1217      8247694     6777   32 SeekRowid        2   46   18               00
  1217       123200      101   33 Column           2    4   19               00
  1217        64056       52   34 Ne              15   46   19 BINARY-8      52
  1143        42138       36   35 Column           0    5   20               00
  1143      4112824     3598   36 SeekRowid        1   46   20               00
  1143        33376       29   37 Column           0    4   21               00
  1143      4019836     3516   38 SeekRowid        3   46   21               00
  1143       124404      108   39 Column           3    5   19               00
  1143        54138       47   40 Ne              17   46   19 BINARY-8      52
  1143       106570       93   41 Column           1    4   22               00
  1143        47794       41   42 Column           2    4   23               00
  1143        65516       57   43 Column           0   12   24               00
  1143        96748       84   44 MakeRecord      22    3   19               00
  1143        54418       47   45 SorterInsert     5   19    0               00
6001173    549983166       91   46 Next             0   11    0               01
     1          930      930   47 OpenPseudo       6   19    3               00
     1       440664   440664   48 SorterSort       5   78    0               00
  1143        22482       19   49 SorterData       5   19    6               00
  1143        41726       36   50 Column           6    0   11               00
  1143        45180       39   51 Column           6    1   12               00
  1143        50534       44   52 Compare          9   11    2 k(2,B,B)      00
  1143        21368       18   53 Jump            54   58   54               00
     7          886      126   54 Move            11    9    2               00
     7          322       46   55 Gosub            7   69    0               00
     7          172       24   56 IfPos            6   78    0               00
     7          126       18   57 Gosub            8   75    0               00
  1143        39056       34   58 Column           6    2   25               00
  1143        25722       22   59 AggStep1         0   25    1 sum(1)        01
  1143        21208       18   60 If               5   63    0               00
     7          274       39   61 Column           6    0    2               00
     7          456       65   62 Column           6    1    3               00
  1143        20900       18   63 Integer          1    5    0               00
  1143        21292       18   64 SorterNext       5   49    0               00
     1           38       38   65 Gosub            7   69    0               00
     1           28       28   66 Goto             0   78    0               00
     0            0        0   67 Integer          1    6    0               00
     0            0        0   68 Return           7    0    0               00
     8          836      104   69 IfPos            5   71    0               00
     1          224      224   70 Return           7    0    0               00
     7         1370      195   71 AggFinal         1    1    0 sum(1)        00
     7         1384      197   72 Copy             1   26    2               00
     0            0        0   73 ResultRow       26    3    0               00
     7          150       21   74 Return           7    0    0               00
     8         1024      128   75 Null             0    1    4               00
     8          168       21   76 Integer          0    5    0               00
     8          206       25   77 Return           8    0    0               00
     0            0        0   78 Halt             0    0    0               00
     1        33736    33736   79 Transaction      0    0    6 0             01
     1          170      170   80 String           9   15    0 MFGR#2221     00
     1          130      130   81 String           6   17    0 EUROPE        00
     1           20       20   82 Goto             0    1    0               00
