     1          284      284    0 Init             1  101    0               00
     1           40       40    1 Noop             5    6    0               00
     1         1492     1492    2 SorterOpen       6    4    0 k(2,B,B)      00
     1           74       74    3 Integer          0    7    0               00
     1           62       62    4 Null             0   10   11               00
     1           54       54    5 Gosub            9   97    0               00
     1          364      364    6 OpenRead         4    6    0 14            00
     1          100      100    7 OpenRead         1    4    0 8             00
     1           90       90    8 OpenRead         2    3    0 7             00
     1          124      124    9 OpenRead         0    5    0 5             00
     1          126      126   10 OpenRead         3    2    0 9             00
     1        10218    10218   11 Rewind           4   67    0               00
6001173    111709098       18   12 Once             1   39    0               00
     1           38       38   13 Explain         13    0    0 BLOOM FILTER ON customer (c_custkey=?) 00
     1         6594     6594   14 Blob          28672   14    0               00
     1         6090     6090   15 Rewind           1   21    0               00
 30000      2368996       78   16 Column           1    5   15               00
 30000      1536516       51   17 Ne              16   20   15 BINARY-8      52
  5992       112302       18   18 Rowid            1   15    0               00
  5992       209766       35   19 FilterAdd       14    0   15 1             00
 30000      3245796      108   20 Next             1   16    0               00
     1           78       78   21 Explain         21    0    0 BLOOM FILTER ON supplier (s_suppkey=?) 00
     1         3414     3414   22 Blob          10000   17    0               00
     1        10624    10624   23 Rewind           2   29    0               00
  2000       156808       78   24 Column           2    5   15               00
  2000        95236       47   25 Ne              16   28   15 BINARY-8      52
   378         6980       18   26 Rowid            2   15    0               00
   378        12938       34   27 FilterAdd       17    0   15 1             00
  2000       192108       96   28 Next             2   24    0               00
     1           32       32   29 Explain         29    0    0 BLOOM FILTER ON part (p_partkey=?) 00
     1        57662    57662   30 Blob          196608   18    0               00
     1        15890    15890   31 Rewind           3   39    0               00
200000     12638926       63   32 Column           3    2   15               00
200000      7842510       39   33 Eq              19   36   15 BINARY-8      42
159916      3782550       23   34 Column           3    2   15               00
159916      6984484       43   35 Ne              20   38   15 BINARY-8      52
 79720      1462748       18   36 Rowid            3   15    0               00
 79720      2705662       33   37 FilterAdd       18    0   15 1             00
200000     20152970      100   38 Next             3   32    0               00
6001173    376286154       62   39 Column           4    2   21               00
6001173    239099678       39   40 Filter          14   66   21 1             00
1269672     43774688       34   41 Column           4    4   15               00
1269672     55403892       43   42 Filter          17   66   15 1             00
240679      5779416       24   43 Column           4    3   22               00
240679     17593378       73   44 Filter          18   66   22 1             00
 98031    317309874     3236   45 SeekRowid        1   66   21               00
 98031     10407868      106   46 Column           1    5   23               00
 98031      4105558       41   47 Ne              16   66   23 BINARY-8      52
 92189      4640766       50   48 Column           4    4   24               00
 92189     71730230      778   49 SeekRowid        2   66   24               00
 92189      7661954       83   50 Column           2    5   23               00
 92189      3549672       38   51 Ne              16   66   23 BINARY-8      52
 92189      3821664       41   52 Column           4    5   25               00
 92189     76670652      831   53 SeekRowid        0   66   25               00
 92189      2601186       28   54 Column           4    3   26               00
 92189    432309602     4689   55 SeekRowid        3   66   26               00
 92189      7445564       80   56 Column           3    2   23               00
 92189      6260960       67   57 Eq              19   60   23 BINARY-8      42
 46914      1203220       25   58 Column           3    2   23               00
 46914      1863742       39   59 Ne              20   66   23 BINARY-8      52
 90353      9201778      101   60 Column           0    4   27               00
 90353      3876586       42   61 Column           1    4   28               00
 90353      5400020       59   62 Column           4   12   29               00
 90353      3081808       34   63 Column           4   13   30               00
 90353      7484292       82   64 MakeRecord      27    4   23               00
 90353     52933756      585   65 SorterInsert     6   23    0               00
6001173    561179950       93   66 Next             4   12    0               01
     1         2384     2384   67 OpenPseudo       7   23    4               00
     1     41392270 41392270   68 SorterSort       6  100    0               00
 90353      1692838       18   69 SorterData       6   23    7               00
 90353      3372948       37   70 Column           7    0   12               00
 90353      3482932       38   71 Column           7    1   13               00
 90353      4077606       45   72 Compare         10   12    2 k(2,B,B)      00
 90353      1662296       18   73 Jump            74   78   74               00
    35         2080       59   74 Move            12   10    2               00
    35          914       26   75 Gosub            8   91    0               00
    35          874       24   76 IfPos            7  100    0               00
    35          682       19   77 Gosub            9   97    0               00
 90353      3075572       34   78 Column           7    2   32               00
 90353      2829134       31   79 Column           7    3   33               00
 90353      1686104       18   80 Subtract        33   32   31               00
 90353      1805318       19   81 AggStep1         0   31    3 sum(1)        01
 90353      1674684       18   82 If               6   85    0               00
    35          768       21   83 Column           7    0    1               00
    35         1992       56   84 Column           7    1    2               00
 90353      1661460       18   85 Integer          1    6    0               00
 90353     17594550      194   86 SorterNext       6   69    0               00
     1           36       36   87 Gosub            8   91    0               00
     1           28       28   88 Goto             0  100    0               00
     0            0        0   89 Integer          1    7    0               00
     0            0        0   90 Return           8    0    0               00
    36         1250       34   91 IfPos            6   93    0               00
     1          278      278   92 Return           8    0    0               00
    35         2612       74   93 AggFinal         3    1    0 sum(1)        00
    35         4644      132   94 Copy             1   34    2               00
     0            0        0   95 ResultRow       34    3    0               00
    35          726       20   96 Return           8    0    0               00
    36         1858       51   97 Null             0    1    5               00
    36          882       24   98 Integer          0    6    0               00
    36          700       19   99 Return           9    0    0               00
     0            0        0  100 Halt             0    0    0               00
     1        29986    29986  101 Transaction      0    0    6 0             01
     1          254      254  102 String           7   16    0 AMERICA       00
     1           84       84  103 String           6   19    0 MFGR#1        00
     1           20       20  104 String           6   20    0 MFGR#2        00
     1           88       88  105 Goto             0    1    0               00
