     1          234      234    0 Init             1  120    0               00
     1           44       44    1 Noop             5    8    0               00
     1         2020     2020    2 SorterOpen       6    5    0 k(3,B,B,B)    00
     1           46       46    3 Integer          0    8    0               00
     1           84       84    4 Null             0   11   13               00
     1           28       28    5 Gosub           10  116    0               00
     1          944      944    6 OpenRead         4    6    0 14            00
     1          120      120    7 OpenRead         0    5    0 17            00
     1          326      326    8 OpenRead         1    4    0 8             00
     1          102      102    9 OpenRead         2    3    0 7             00
     1          246      246   10 OpenRead         3    2    0 9             00
     1        12106    12106   11 Rewind           4   84    0               00
6001173    111002782       18   12 Once             1   49    0               00
     1           34       34   13 Explain         13    0    0 BLOOM FILTER ON date (d_datekey=?) 00
     1         3248     3248   14 Blob          10000   17    0               00
     1         1474     1474   15 Rewind           0   23    0               00
  2557       224584       87   16 Column           0    4   18               00
  2557        50806       19   17 Eq              19   20   18 BINARY-8      44
  2192        43368       19   18 Column           0    4   18               00
  2192        43548       19   19 Ne              20   22   18 BINARY-8      54
   730        15044       20   20 Rowid            0   18    0               00
   730        27342       37   21 FilterAdd       17    0   18 1             00
  2557        96092       37   22 Next             0   16    0               00
     1           34       34   23 Explain         23    0    0 BLOOM FILTER ON customer (c_custkey=?) 00
     1         8524     8524   24 Blob          28672   21    0               00
     1         5960     5960   25 Rewind           1   31    0               00
 30000      2653180       88   26 Column           1    5   18               00
 30000      1464452       48   27 Ne              22   30   18 BINARY-8      52
  5992       110962       18   28 Rowid            1   18    0               00
  5992       206462       34   29 FilterAdd       21    0   18 1             00
 30000      3186432      106   30 Next             1   26    0               00
     1           80       80   31 Explain         31    0    0 BLOOM FILTER ON supplier (s_suppkey=?) 00
     1         1706     1706   32 Blob          10000   23    0               00
     1         9848     9848   33 Rewind           2   39    0               00
  2000       156866       78   34 Column           2    5   18               00
  2000        96366       48   35 Ne              22   38   18 BINARY-8      52
   378         6950       18   36 Rowid            2   18    0               00
   378        12892       34   37 FilterAdd       23    0   18 1             00
  2000       189400       94   38 Next             2   34    0               00
     1           20       20   39 Explain         39    0    0 BLOOM FILTER ON part (p_partkey=?) 00
     1        57770    57770   40 Blob          196608   24    0               00
     1        14174    14174   41 Rewind           3   49    0               00
200000     12610470       63   42 Column           3    2   18               00
200000      7820114       39   43 Eq              25   46   18 BINARY-8      42
159916      3871166       24   44 Column           3    2   18               00
159916      7090606       44   45 Ne              26   48   18 BINARY-8      52
 79720      1463846       18   46 Rowid            3   18    0               00
 79720      2699360       33   47 FilterAdd       24    0   18 1             00
200000     19966270       99   48 Next             3   42    0               00
6001173    416703854       69   49 Column           4    5   27               00
6001173    198145564       33   50 Filter          17   83   27 1             00
5996040    112171168       18   51 Column           4    2   18               00
5996040    232386380       38   52 Filter          21   83   18 1             00
1268417     26018124       20   53 Column           4    4   28               00
1268417     53870088       42   54 Filter          23   83   28 1             00
240440     10315880       42   55 Column           4    3   29               00
240440     16359472       68   56 Filter          24   83   29 1             00
 97935     54075744      552   57 SeekRowid        0   83   27               00
 97935      6369690       65   58 Column           0    4   30               00
 97935      2404252       24   59 Eq              19   62   30 BINARY-8      44
 82969      1563216       18   60 Column           0    4   30               00
 82969      1529130       18   61 Ne              20   83   30 BINARY-8      54
 23614       447948       18   62 Column           4    2   31               00
 23614     83883768     3552   63 SeekRowid        1   83   31               00
 23614      2735832      115   64 Column           1    5   30               00
 23614      1338372       56   65 Ne              22   83   30 BINARY-8      52
 22254       950544       42   66 Column           4    4   32               00
 22254     31842354     1430   67 SeekRowid        2   83   32               00
 22254      1922034       86   68 Column           2    5   30               00
 22254       838018       37   69 Ne              22   83   30 BINARY-8      52
 22254      1072294       48   70 Column           4    3   33               00
 22254    108390564     4870   71 SeekRowid        3   83   33               00
 22254      2048250       92   72 Column           3    2   30               00
 22254      1537580       69   73 Eq              25   76   30 BINARY-8      42
 11276       284242       25   74 Column           3    2   30               00
 11276       439336       38   75 Ne              26   83   30 BINARY-8      52
 21803       667188       30   76 Column           0    4   34               00
 21803      1106688       50   77 Column           2    4   35               00
 21803       869450       39   78 Column           3    3   36               00
 21803      1398876       64   79 Column           4   12   37               00
 21803       741460       34   80 Column           4   13   38               00
 21803      2256364      103   81 MakeRecord      34    5   30               00
 21803       838858       38   82 SorterInsert     6   30    0               00
6001173    550653108       91   83 Next             4   12    0               01
     1         1910     1910   84 OpenPseudo       7   30    5               00
     1     29512090 29512090   85 SorterSort       6  119    0               00
 21803       409182       18   86 SorterData       6   30    7               00
 21803       774792       35   87 Column           7    0   14               00
 21803       855174       39   88 Column           7    1   15               00
 21803       833120       38   89 Column           7    2   16               00
 21803      1472370       67   90 Compare         11   14    3 k(3,B,B,B)    00
 21803       405250       18   91 Jump            92   96   92               00
   100         5664       56   92 Move            14   11    3               00
   100         2074       20   93 Gosub            9  110    0               00
   100         3002       30   94 IfPos            8  119    0               00
   100         1880       18   95 Gosub           10  116    0               00
 21803       724694       33   96 Column           7    3   40               00
 21803       717998       32   97 Column           7    4   41               00
 21803       409610       18   98 Subtract        41   40   39               00
 21803       453170       20   99 AggStep1         0   39    4 sum(1)        01
 21803       408642       18  100 If               7  104    0               00
   100         1996       19  101 Column           7    0    1               00
   100         3174       31  102 Column           7    1    2               00
   100         3362       33  103 Column           7    2    3               00
 21803       404050       18  104 Integer          1    7    0               00
 21803       404796       18  105 SorterNext       6   86    0               00
     1           34       34  106 Gosub            9  110    0               00
     1           30       30  107 Goto             0  119    0               00
     0            0        0  108 Integer          1    8    0               00
     0            0        0  109 Return           9    0    0               00
   101         2618       25  110 IfPos            7  112    0               00
     1          268      268  111 Return           9    0    0               00
   100         8118       81  112 AggFinal         4    1    0 sum(1)        00
   100        15380      153  113 Copy             1   42    3               00
     0            0        0  114 ResultRow       42    4    0               00
   100         1986       19  115 Return           9    0    0               00
   101         5466       54  116 Null             0    1    6               00
   101         2100       20  117 Integer          0    7    0               00
   101         1922       19  118 Return          10    0    0               00
     0            0        0  119 Halt             0    0    0               00
     1        32506    32506  120 Transaction      0    0    6 0             01
     1          146      146  121 Integer       1997   19    0               00
     1           20       20  122 Integer       1998   20    0               00
     1          174      174  123 String           7   22    0 AMERICA       00
     1           30       30  124 String           6   25    0 MFGR#1        00
     1           22       22  125 String           6   26    0 MFGR#2        00
     1           50       50  126 Goto             0    1    0               00
