     1          220      220    0 Init             1   34    0               00
     1          190      190    1 Null             0    1    3               00
     1          708      708    2 OpenRead         0    7    0 12            00
     1          112      112    3 OpenRead         1    6    0 17            00
     1         4730     4730    4 Rewind           0   30    0               00
29999810   4315124252      143    5 Column           0   11    4               00
29999810    786283498       26    6 Lt               6   29    4 BINARY-8      54
19092097    483515268       25    7 Gt               7   29    4 BINARY-8      54
8181896    159418532       19    8 Column           0    8    4               00
8181896    241774814       29    9 Lt               8   29    4 BINARY-8      54
4091990    105951814       25   10 Gt               9   29    4 BINARY-8      54
1636207     30160810       18   11 Once             1   20    0               00
     1           34       34   12 Explain         12    0    0 BLOOM FILTER ON date (d_datekey=?) 00
     1         2406     2406   13 Blob          10000   10    0               00
     1         1754     1754   14 Rewind           1   20    0               00
  2557       226288       88   15 Column           1    5    4               00
  2557        50240       19   16 Ne              11   19    4 BINARY-8      54
    31          940       30   17 Rowid            1    4    0               00
    31         1530       49   18 FilterAdd       10    0    4 1             00
  2557        56980       22   19 Next             1   15    0               00
1636207     30850894       18   20 Column           0    5   12               00
1636207     65867660       40   21 Filter          10   29   12 1             00
147852     69283238      468   22 SeekRowid        1   29   12               00
147852     10320636       69   23 Column           1    5    4               00
147852      4357426       29   24 Ne              11   29    4 BINARY-8      54
 21202       403890       19   25 Column           0    9    5               00
 21202       401974       18   26 Column           0   11   13               00
 21202       411898       19   27 Multiply        13    5    4               00
 21202      1322284       62   28 AggStep1         0    4    1 sum(1)        01
29999810    625790196       20   29 Next             0    5    0               01
     1          988      988   30 AggFinal         1    1    0 sum(1)        00
     1          622      622   31 Copy             1   14    0               00
     0            0        0   32 ResultRow       14    1    0               00
     0            0        0   33 Halt             0    0    0               00
     1        26408    26408   34 Transaction      0    0    6 0             01
     1           66       66   35 Integer          4    6    0               00
     1           20       20   36 Integer          6    7    0               00
     1           18       18   37 Integer         26    8    0               00
     1           20       20   38 Integer         35    9    0               00
     1           20       20   39 Integer       199401   11    0               00
     1           82       82   40 Goto             0    1    0               00
