     1          122      122    0 Init             1   38    0               00
     1          194      194    1 Null             0    1    3               00
     1          556      556    2 OpenRead         0    7    0 12            00
     1          140      140    3 OpenRead         1    6    0 17            00
     1        38690    38690    4 Rewind           0   34    0               00
29999810   4293346812      143    5 Column           0   11    4               00
29999810    862592774       28    6 Lt               6   33    4 BINARY-8      54
16364521    439982712       26    7 Gt               7   33    4 BINARY-8      54
8182849    158026960       19    8 Column           0    8    4               00
8182849    202881270       24    9 Lt               8   33    4 BINARY-8      54
2456807     60179952       24   10 Gt               9   33    4 BINARY-8      54
819552     15112828       18   11 Once             1   22    0               00
     1           92       92   12 Explain         12    0    0 BLOOM FILTER ON date (d_datekey=?) 00
     1         2500     2500   13 Blob          10000   10    0               00
     1         1388     1388   14 Rewind           1   22    0               00
  2557       304072      118   15 Column           1   11    4               00
  2557        50996       19   16 Ne              11   21    4 BINARY-8      54
    49         1116       22   17 Column           1    4    4               00
    49         1078       22   18 Ne              12   21    4 BINARY-8      54
     7          460       65   19 Rowid            1    4    0               00
     7          610       87   20 FilterAdd       10    0    4 1             00
  2557        55914       21   21 Next             1   15    0               00
819552     15504514       18   22 Column           0    5   13               00
819552     30846736       37   23 Filter          10   33   13 1             00
 16635      8213990      493   24 SeekRowid        1   33   13               00
 16635      1539398       92   25 Column           1   11    4               00
 16635       531912       31   26 Ne              11   33    4 BINARY-8      54
 16635       754496       45   27 Column           1    4    4               00
 16635       465250       27   28 Ne              12   33    4 BINARY-8      54
  2374        48154       20   29 Column           0    9    5               00
  2374        44050       18   30 Column           0   11   14               00
  2374        65352       27   31 Multiply        14    5    4               00
  2374       328932      138   32 AggStep1         0    4    1 sum(1)        01
29999810    621459810       20   33 Next             0    5    0               01
     1         1232     1232   34 AggFinal         1    1    0 sum(1)        00
     1          606      606   35 Copy             1   15    0               00
     0            0        0   36 ResultRow       15    1    0               00
     0            0        0   37 Halt             0    0    0               00
     1        27696    27696   38 Transaction      0    0    6 0             01
     1           44       44   39 Integer          5    6    0               00
     1           18       18   40 Integer          7    7    0               00
     1           16       16   41 Integer         36    8    0               00
     1           18       18   42 Integer         40    9    0               00
     1           18       18   43 Integer          6   11    0               00
     1           16       16   44 Integer       1994   12    0               00
     1           70       70   45 Goto             0    1    0               00
