     1          192      192    0 Init             1   81    0               00
     1          236      236    1 Noop             4    6    0               00
     1         1608     1608    2 SorterOpen       5    3    0 k(2,B,B)      00
     1           64       64    3 Integer          0    6    0               00
     1          120      120    4 Null             0    9   10               00
     1           50       50    5 Gosub            8   77    0               00
     1          860      860    6 OpenRead         0    7    0 13            00
     1          216      216    7 OpenRead         3    4    0 7             00
     1           84       84    8 OpenRead         1    6    0 5             00
     1          188      188    9 OpenRead         2    3    0 9             00
     1         5254     5254   10 Rewind           0   49    0               00
29999810    557479526       18   11 Once             1   29    0               00
     1           24       24   12 Explain         12    0    0 BLOOM FILTER ON supplier (s_suppkey=?) 00
     1         3286     3286   13 Blob          10000   13    0               00
     1         1532     1532   14 Rewind           3   20    0               00
 10000      1239344      123   15 Column           3    5   14               00
 10000       484094       48   16 Ne              15   19   14 BINARY-8      52
  2003        39224       19   17 Rowid            3   14    0               00
  2003        72828       36   18 FilterAdd       13    0   14 1             00
 10000       244614       24   19 Next             3   15    0               00
     1           82       82   20 Explain         20    0    0 BLOOM FILTER ON part (p_partkey=?) 00
     1       205824   205824   21 Blob          589824   16    0               00
     1         2772     2772   22 Rewind           2   29    0               00
600000     91560994      152   23 Column           2    4   14               00
600000     26775776       44   24 Lt              18   28   14 BINARY-8      52
448318     16576328       36   25 Gt              19   28   14 BINARY-8      52
  4798       131182       27   26 Rowid            2   14    0               00
  4798       163122       33   27 FilterAdd       16    0   14 1             00
600000     12533630       20   28 Next             2   23    0               00
29999810   3559689476      118   29 Column           0    4   20               00
29999810   1287745512       42   30 Filter          13   48   20 1             00
6010822    152761692       25   31 Column           0    3   14               00
6010822    221977096       36   32 Filter          16   48   14 1             00
 48682     43712044      897   33 SeekRowid        3   48   20               00
 48682      4718650       96   34 Column           3    5   17               00
 48682      2326504       47   35 Ne              15   48   17 BINARY-8      52
 48682      1689710       34   36 Column           0    5   21               00
 48682     34866438      716   37 SeekRowid        1   48   21               00
 48682      1208228       24   38 Column           0    3   22               00
 48682     98319552     2019   39 SeekRowid        2   48   22               00
 48682      3896790       80   40 Column           2    4   17               00
 48682      2182742       44   41 Lt              18   48   17 BINARY-8      52
 48340      2167964       44   42 Gt              19   48   17 BINARY-8      52
 47381      3288380       69   43 Column           1    4   24               00
 47381      1312708       27   44 Column           2    4   25               00
 47381      2269416       47   45 Column           0   12   26               00
 47381      3226086       68   46 MakeRecord      24    3   17               00
 47381      1380218       29   47 SorterInsert     5   17    0               00
29999810    630199842       21   48 Next             0   11    0               01
     1         1010     1010   49 OpenPseudo       6   17    3               00
     1     46868138 46868138   50 SorterSort       5   80    0               00
 47381       888424       18   51 SorterData       5   17    6               00
 47381      1699320       35   52 Column           6    0   11               00
 47381      1779804       37   53 Column           6    1   12               00
 47381      2052188       43   54 Compare          9   11    2 k(2,B,B)      00
 47381       876250       18   55 Jump            56   60   56               00
    56         2498       44   56 Move            11    9    2               00
    56         1328       23   57 Gosub            7   71    0               00
    56         1038       18   58 IfPos            6   80    0               00
    56         1064       19   59 Gosub            8   77    0               00
 47381      1586914       33   60 Column           6    2   23               00
 47381      1004394       21   61 AggStep1         0   23    1 sum(1)        01
 47381       871358       18   62 If               5   65    0               00
    56         1130       20   63 Column           6    0    2               00
    56         1848       33   64 Column           6    1    3               00
 47381       869158       18   65 Integer          1    5    0               00
 47381       870772       18   66 SorterNext       5   51    0               00
     1           36       36   67 Gosub            7   71    0               00
     1           30       30   68 Goto             0   80    0               00
     0            0        0   69 Integer          1    6    0               00
     0            0        0   70 Return           7    0    0               00
    57         1532       26   71 IfPos            5   73    0               00
     1          236      236   72 Return           7    0    0               00
    56         3342       59   73 AggFinal         1    1    0 sum(1)        00
    56         6910      123   74 Copy             1   27    2               00
     0            0        0   75 ResultRow       27    3    0               00
    56         1494       26   76 Return           7    0    0               00
    57         2602       45   77 Null             0    1    4               00
    57         1290       22   78 Integer          0    5    0               00
    57         1052       18   79 Return           8    0    0               00
     0            0        0   80 Halt             0    0    0               00
     1        33356    33356   81 Transaction      0    0    6 0             01
     1          158      158   82 String           4   15    0 ASIA          00
     1           58       58   83 String           9   18    0 MFGR#2221     00
     1           20       20   84 String           9   19    0 MFGR#2228     00
     1           48       48   85 Goto             0    1    0               00
