     1          172      172    0 Init             1   79    0               00
     1          102      102    1 Noop             4    6    0               00
     1         1782     1782    2 SorterOpen       5    3    0 k(2,B,B)      00
     1           20       20    3 Integer          0    6    0               00
     1           62       62    4 Null             0    9   10               00
     1           50       50    5 Gosub            8   75    0               00
     1          726      726    6 OpenRead         0    7    0 13            00
     1          122      122    7 OpenRead         3    4    0 7             00
     1          164      164    8 OpenRead         1    6    0 5             00
     1          108      108    9 OpenRead         2    3    0 9             00
     1         4206     4206   10 Rewind           0   47    0               00
29999810    557738814       18   11 Once             1   28    0               00
     1           26       26   12 Explain         12    0    0 BLOOM FILTER ON supplier (s_suppkey=?) 00
     1         2670     2670   13 Blob          10000   13    0               00
     1          684      684   14 Rewind           3   20    0               00
 10000      1134342      113   15 Column           3    5   14               00
 10000       426832       42   16 Ne              15   19   14 BINARY-8      52
  1987        75396       37   17 Rowid            3   14    0               00
  1987        73766       37   18 FilterAdd       13    0   14 1             00
 10000       222710       22   19 Next             3   15    0               00
     1           88       88   20 Explain         20    0    0 BLOOM FILTER ON part (p_partkey=?) 00
     1       179784   179784   21 Blob          589824   16    0               00
     1         1208     1208   22 Rewind           2   28    0               00
600000     81659366      136   23 Column           2    4   14               00
600000     29337400       48   24 Ne              17   27   14 BINARY-8      52
   615        30326       49   25 Rowid            2   14    0               00
   615        21426       34   26 FilterAdd       16    0   14 1             00
600000     12615930       21   27 Next             2   23    0               00
29999810   3507049654      116   28 Column           0    4   18               00
29999810   1292707046       43   29 Filter          13   46   18 1             00
5957277    156115308       26   30 Column           0    3   14               00
5957277    219327388       36   31 Filter          16   46   14 1             00
  6010      6843598     1138   32 SeekRowid        3   46   18               00
  6010       779046      129   33 Column           3    5   19               00
  6010       476090       79   34 Ne              15   46   19 BINARY-8      52
  6010       257926       42   35 Column           0    5   20               00
  6010      5295044      881   36 SeekRowid        1   46   20               00
  6010       142384       23   37 Column           0    3   21               00
  6010     12796304     2129   38 SeekRowid        2   46   21               00
  6010       533284       88   39 Column           2    4   19               00
  6010       254998       42   40 Ne              17   46   19 BINARY-8      52
  5891       422426       71   41 Column           1    4   22               00
  5891       185752       31   42 Column           2    4   23               00
  5891       301840       51   43 Column           0   12   24               00
  5891       562614       95   44 MakeRecord      22    3   19               00
  5891       244300       41   45 SorterInsert     5   19    0               00
29999810    640223376       21   46 Next             0   11    0               01
     1          842      842   47 OpenPseudo       6   19    3               00
     1      2639336  2639336   48 SorterSort       5   78    0               00
  5891       117064       19   49 SorterData       5   19    6               00
  5891       214620       36   50 Column           6    0   11               00
  5891       224794       38   51 Column           6    1   12               00
  5891       257476       43   52 Compare          9   11    2 k(2,B,B)      00
  5891       108412       18   53 Jump            54   58   54               00
     7          748      106   54 Move            11    9    2               00
     7          392       56   55 Gosub            7   69    0               00
     7          126       18   56 IfPos            6   78    0               00
     7          156       22   57 Gosub            8   75    0               00
  5891       196280       33   58 Column           6    2   25               00
  5891       126926       21   59 AggStep1         0   25    1 sum(1)        01
  5891       109336       18   60 If               5   63    0               00
     7          226       32   61 Column           6    0    2               00
     7          322       46   62 Column           6    1    3               00
  5891       108068       18   63 Integer          1    5    0               00
  5891       109686       18   64 SorterNext       5   49    0               00
     1           20       20   65 Gosub            7   69    0               00
     1           34       34   66 Goto             0   78    0               00
     0            0        0   67 Integer          1    6    0               00
     0            0        0   68 Return           7    0    0               00
     8          502       62   69 IfPos            5   71    0               00
     1           98       98   70 Return           7    0    0               00
     7          740      105   71 AggFinal         1    1    0 sum(1)        00
     7         1044      149   72 Copy             1   26    2               00
     0            0        0   73 ResultRow       26    3    0               00
     7          154       22   74 Return           7    0    0               00
     8          526       65   75 Null             0    1    4               00
     8          242       30   76 Integer          0    5    0               00
     8          160       20   77 Return           8    0    0               00
     0            0        0   78 Halt             0    0    0               00
     1        34982    34982   79 Transaction      0    0    6 0             01
     1          198      198   80 String           6   15    0 EUROPE        00
     1           72       72   81 String           9   17    0 MFGR#2221     00
     1           86       86   82 Goto             0    1    0               00
