     1          224      224    0 Init             1  109    0               00
     1         1804     1804    1 SorterOpen       4    7    0 k(2,B,-B)     00
     1          442      442    2 SorterOpen       5    4    0 k(3,B,B,B)    00
     1           50       50    3 Integer          0    7    0               00
     1           44       44    4 Null             0   10   12               00
     1           48       48    5 Gosub            9   96    0               00
     1          748      748    6 OpenRead         1    7    0 13            00
     1          120      120    7 OpenRead         0    5    0 8             00
     1          252      252    8 OpenRead         2    4    0 7             00
     1          752      752    9 OpenRead         3    6    0 17            00
     1         4170     4170   10 Rewind           1   64    0               00
29999810    557024240       18   11 Once             1   38    0               00
     1          102      102   12 Explain         12    0    0 BLOOM FILTER ON customer (c_custkey=?) 00
     1        33180    33180   13 Blob          147456   16    0               00
     1         2410     2410   14 Rewind           0   20    0               00
150000     23378756      155   15 Column           0    5   17               00
150000      6808498       45   16 Ne              18   19   17 BINARY-8      52
 30183       555122       18   17 Rowid            0   17    0               00
 30183      1039168       34   18 FilterAdd       16    0   17 1             00
150000      3205120       21   19 Next             0   15    0               00
     1           86       86   20 Explain         20    0    0 BLOOM FILTER ON supplier (s_suppkey=?) 00
     1         5144     5144   21 Blob          10000   19    0               00
     1         1646     1646   22 Rewind           2   28    0               00
 10000      1101906      110   23 Column           2    5   17               00
 10000       452136       45   24 Ne              18   27   17 BINARY-8      52
  2003        36674       18   25 Rowid            2   17    0               00
  2003        68666       34   26 FilterAdd       19    0   17 1             00
 10000       206850       20   27 Next             2   23    0               00
     1           24       24   28 Explain         28    0    0 BLOOM FILTER ON date (d_datekey=?) 00
     1         3372     3372   29 Blob          10000   20    0               00
     1         2962     2962   30 Rewind           3   38    0               00
  2557       264204      103   31 Column           3    4   17               00
  2557        47876       18   32 Lt              21   37   17 BINARY-8      54
  2557        47778       18   33 Column           3    4   17               00
  2557        47488       18   34 Gt              22   37   17 BINARY-8      54
  2192        40826       18   35 Rowid            3   17    0               00
  2192        74214       33   36 FilterAdd       20    0   17 1             00
  2557        54082       21   37 Next             3   31    0               00
29999810   3814244984      127   38 Column           1    2   23               00
29999810   1192622494       39   39 Filter          16   63   23 1             00
6185297    217415756       35   40 Column           1    4   17               00
6185297    276064518       44   41 Filter          19   63   17 1             00
1240210     41942462       33   42 Column           1    5   24               00
1240210     41434708       33   43 Filter          20   63   24 1             00
1240210   1088043348      877   44 SeekRowid        0   63   23               00
1240210     90432278       72   45 Column           0    5   25               00
1240210     49096868       39   46 Ne              18   63   25 BINARY-8      52
1207667     58814068       48   47 Column           1    4   26               00
1207667    759663302      629   48 SeekRowid        2   63   26               00
1207667     89966092       74   49 Column           2    5   25               00
1207667     45401870       37   50 Ne              18   63   25 BINARY-8      52
1207667     59796680       49   51 Column           1    5   27               00
1207667    463718386      383   52 SeekRowid        3   63   27               00
1207667     74058394       61   53 Column           3    4   25               00
1207667     26761622       22   54 Lt              21   63   25 BINARY-8      54
1207667     23044142       19   55 Column           3    4   25               00
1207667     29634880       24   56 Gt              22   63   25 BINARY-8      54
1100175     34708722       31   57 Column           0    4   28               00
1100175     35420730       32   58 Column           2    4   29               00
1100175     21894918       19   59 Column           3    4   30               00
1100175     51133644       46   60 Column           1   12   31               00
1100175     92174376       83   61 MakeRecord      28    4   25               00
1100175    105191500       95   62 SorterInsert     5   25    0               00
29999810    630929032       21   63 Next             1   11    0               01
     1         1080     1080   64 OpenPseudo       6   25    4               00
     1   2470157462 2470157462   65 SorterSort       5   99    0               00
1100175     20785888       18   66 SorterData       5   25    6               00
1100175     45025936       40   67 Column           6    0   13               00
1100175     41755546       37   68 Column           6    1   14               00
1100175     34191022       31   69 Column           6    2   15               00
1100175     75165550       68   70 Compare         10   13    3 k(3,B,B,B)    00
1100175     20188178       18   71 Jump            72   76   72               00
   150        12860       85   72 Move            13   10    3               00
   150         3664       24   73 Gosub            8   88    0               00
   150         2810       18   74 IfPos            7   99    0               00
   150         2904       19   75 Gosub            9   96    0               00
1100175     36717000       33   76 Column           6    3   32               00
1100175     23017216       20   77 AggStep1         0   32    4 sum(1)        01
1100175     20250646       18   78 If               6   82    0               00
   150         4064       27   79 Column           6    0    1               00
   150         5292       35   80 Column           6    1    2               00
   150         3006       20   81 Column           6    2    3               00
1100175     20242740       18   82 Integer          1    6    0               00
1100175     20291802       18   83 SorterNext       5   66    0               00
     1           94       94   84 Gosub            8   88    0               00
     1           28       28   85 Goto             0   99    0               00
     0            0        0   86 Integer          1    7    0               00
     0            0        0   87 Return           8    0    0               00
   151         3788       25   88 IfPos            6   90    0               00
     1          288      288   89 Return           8    0    0               00
   150         6334       42   90 AggFinal         4    1    0 sum(1)        00
   150        31928      212   91 Copy             1   35    1               00
   150         5378       35   92 Copy             3   33    1               00
   150        28280      188   93 MakeRecord      33    4   39               00
   150        20068      133   94 SorterInsert     4   39   33 4             00
   150         2964       19   95 Return           8    0    0               00
   151         3746       24   96 Null             0    1    5               00
   151         2996       19   97 Integer          0    6    0               00
   151         2804       18   98 Return           9    0    0               00
     1         1208     1208   99 OpenPseudo       7   40    7               00
     1        58786    58786  100 SorterSort       4  108    0               00
   150         3116       20  101 SorterData       4   40    7               00
   150         5960       39  102 Column           7    1   38               00
   150         2912       19  103 Column           7    0   37               00
   150         6684       44  104 Column           7    3   36               00
   150         4394       29  105 Column           7    2   35               00
     0            0        0  106 ResultRow       35    4    0               00
   150         3158       21  107 SorterNext       4  101    0               00
     0            0        0  108 Halt             0    0    0               00
     1        34368    34368  109 Transaction      0    0    6 0             01
     1          160      160  110 String           4   18    0 ASIA          00
     1           46       46  111 Integer       1992   21    0               00
     1           20       20  112 Integer       1997   22    0               00
     1           38       38  113 Goto             0    1    0               00
