     1          298      298    0 Init             1  101    0               00
     1          236      236    1 Noop             5    6    0               00
     1          986      986    2 SorterOpen       6    4    0 k(2,B,B)      00
     1           18       18    3 Integer          0    7    0               00
     1          132      132    4 Null             0   10   11               00
     1           50       50    5 Gosub            9   97    0               00
     1          482      482    6 OpenRead         4    7    0 14            00
     1           80       80    7 OpenRead         1    5    0 8             00
     1           86       86    8 OpenRead         2    4    0 7             00
     1          112      112    9 OpenRead         0    6    0 5             00
     1          106      106   10 OpenRead         3    3    0 9             00
     1         3440     3440   11 Rewind           4   67    0               00
29999810    556608646       18   12 Once             1   39    0               00
     1           24       24   13 Explain         13    0    0 BLOOM FILTER ON customer (c_custkey=?) 00
     1        37312    37312   14 Blob          147456   14    0               00
     1         1104     1104   15 Rewind           1   21    0               00
150000     22356876      149   16 Column           1    5   15               00
150000      7214128       48   17 Ne              16   20   15 BINARY-8      52
 29952       551878       18   18 Rowid            1   15    0               00
 29952      1037964       34   19 FilterAdd       14    0   15 1             00
150000      3171712       21   20 Next             1   16    0               00
     1           78       78   21 Explain         21    0    0 BLOOM FILTER ON supplier (s_suppkey=?) 00
     1         3124     3124   22 Blob          10000   17    0               00
     1         2282     2282   23 Rewind           2   29    0               00
 10000      1199102      119   24 Column           2    5   15               00
 10000       474846       47   25 Ne              16   28   15 BINARY-8      52
  2036        37304       18   26 Rowid            2   15    0               00
  2036        70142       34   27 FilterAdd       17    0   15 1             00
 10000       206968       20   28 Next             2   24    0               00
     1           24       24   29 Explain         29    0    0 BLOOM FILTER ON part (p_partkey=?) 00
     1       166798   166798   30 Blob          589824   18    0               00
     1         2942     2942   31 Rewind           3   39    0               00
600000     76814616      128   32 Column           3    2   15               00
600000     23935118       39   33 Eq              19   36   15 BINARY-8      42
479783     13386848       27   34 Column           3    2   15               00
479783     20405684       42   35 Ne              20   38   15 BINARY-8      52
239864      4419996       18   36 Rowid            3   15    0               00
239864      8188274       34   37 FilterAdd       18    0   15 1             00
600000     12658574       21   38 Next             3   32    0               00
29999810   3801005952      126   39 Column           4    2   21               00
29999810   1190924060       39   40 Filter          14   66   21 1             00
6149966    204978146       33   41 Column           4    4   15               00
6149966    279995560       45   42 Filter          17   66   15 1             00
1253937     31356238       25   43 Column           4    3   22               00
1253937     88484724       70   44 Filter          18   66   22 1             00
509948    651892488     1278   45 SeekRowid        1   66   21               00
509948     47451346       93   46 Column           1    5   23               00
509948     20645560       40   47 Ne              16   66   23 BINARY-8      52
496414     19030800       38   48 Column           4    4   24               00
496414    372313182      750   49 SeekRowid        2   66   24               00
496414     37434036       75   50 Column           2    5   23               00
496414     18407066       37   51 Ne              16   66   23 BINARY-8      52
496414     17416838       35   52 Column           4    5   25               00
496414    249936486      503   53 SeekRowid        0   66   25               00
496414     12290134       24   54 Column           4    3   26               00
496414    931548906     1876   55 SeekRowid        3   66   26               00
496414     34885970       70   56 Column           3    2   23               00
496414     31160578       62   57 Eq              19   60   23 BINARY-8      42
250777      7695090       30   58 Column           3    2   23               00
250777      9378446       37   59 Ne              20   66   23 BINARY-8      52
488778     34970728       71   60 Column           0    4   27               00
488778     20379940       41   61 Column           1    4   28               00
488778     24485962       50   62 Column           4   12   29               00
488778     15400086       31   63 Column           4   13   30               00
488778     38443532       78   64 MakeRecord      27    4   23               00
488778     43172714       88   65 SorterInsert     6   23    0               00
29999810    631121550       21   66 Next             4   12    0               01
     1          888      888   67 OpenPseudo       7   23    4               00
     1    614609008 614609008   68 SorterSort       6  100    0               00
488778      9302184       19   69 SorterData       6   23    7               00
488778     17230606       35   70 Column           7    0   12               00
488778     18276170       37   71 Column           7    1   13               00
488778     21176470       43   72 Compare         10   12    2 k(2,B,B)      00
488778      8978192       18   73 Jump            74   78   74               00
    35         7094      202   74 Move            12   10    2               00
    35         1116       31   75 Gosub            8   91    0               00
    35          742       21   76 IfPos            7  100    0               00
    35          708       20   77 Gosub            9   97    0               00
488778     16105346       32   78 Column           7    2   32               00
488778     14531428       29   79 Column           7    3   33               00
488778      9057378       18   80 Subtract        33   32   31               00
488778     11134032       22   81 AggStep1         0   31    3 sum(1)        01
488778      9006594       18   82 If               6   85    0               00
    35          768       21   83 Column           7    0    1               00
    35         1778       50   84 Column           7    1    2               00
488778      8966578       18   85 Integer          1    6    0               00
488778      9004562       18   86 SorterNext       6   69    0               00
     1           96       96   87 Gosub            8   91    0               00
     1           32       32   88 Goto             0  100    0               00
     0            0        0   89 Integer          1    7    0               00
     0            0        0   90 Return           8    0    0               00
    36         1718       47   91 IfPos            6   93    0               00
     1          246      246   92 Return           8    0    0               00
    35         7872      224   93 AggFinal         3    1    0 sum(1)        00
    35        11404      325   94 Copy             1   34    2               00
     0            0        0   95 ResultRow       34    3    0               00
    35         1020       29   96 Return           8    0    0               00
    36         2580       71   97 Null             0    1    5               00
    36         1014       28   98 Integer          0    6    0               00
    36          646       17   99 Return           9    0    0               00
     0            0        0  100 Halt             0    0    0               00
     1        33156    33156  101 Transaction      0    0    6 0             01
     1          286      286  102 String           7   16    0 AMERICA       00
     1           80       80  103 String           6   19    0 MFGR#1        00
     1           18       18  104 String           6   20    0 MFGR#2        00
     1          108      108  105 Goto             0    1    0               00
