     1          298      298    0 Init             1  116    0               00
     1           42       42    1 Noop             5    8    0               00
     1         1448     1448    2 SorterOpen       6    5    0 k(3,B,B,B)    00
     1           34       34    3 Integer          0    8    0               00
     1          214      214    4 Null             0   11   13               00
     1           72       72    5 Gosub           10  112    0               00
     1          802      802    6 OpenRead         4    6    0 14            00
     1          172      172    7 OpenRead         0    5    0 17            00
     1          112      112    8 OpenRead         1    4    0 8             00
     1          226      226    9 OpenRead         2    3    0 7             00
     1           92       92   10 OpenRead         3    2    0 9             00
     1        11248    11248   11 Rewind           4   80    0               00
6001173    111294416       18   12 Once             1   47    0               00
     1           44       44   13 Explain         13    0    0 BLOOM FILTER ON date (d_datekey=?) 00
     1         2890     2890   14 Blob          10000   17    0               00
     1         1896     1896   15 Rewind           0   23    0               00
  2557       241764       94   16 Column           0    4   18               00
  2557        50670       19   17 Eq              19   20   18 BINARY-8      44
  2192        43526       19   18 Column           0    4   18               00
  2192        43294       19   19 Ne              20   22   18 BINARY-8      54
   730        14918       20   20 Rowid            0   18    0               00
   730        26624       36   21 FilterAdd       17    0   18 1             00
  2557        72334       28   22 Next             0   16    0               00
     1           38       38   23 Explain         23    0    0 BLOOM FILTER ON customer (c_custkey=?) 00
     1         7804     7804   24 Blob          28672   21    0               00
     1         6318     6318   25 Rewind           1   31    0               00
 30000      2361422       78   26 Column           1    5   18               00
 30000      1468362       48   27 Ne              22   30   18 BINARY-8      52
  5992       111030       18   28 Rowid            1   18    0               00
  5992       207606       34   29 FilterAdd       21    0   18 1             00
 30000      3185576      106   30 Next             1   26    0               00
     1           86       86   31 Explain         31    0    0 BLOOM FILTER ON supplier (s_suppkey=?) 00
     1         4156     4156   32 Blob          10000   23    0               00
     1         9982     9982   33 Rewind           2   39    0               00
  2000       156288       78   34 Column           2    4   18               00
  2000        77626       38   35 Ne              24   38   18 BINARY-8      52
    76         1532       20   36 Rowid            2   18    0               00
    76         2704       35   37 FilterAdd       23    0   18 1             00
  2000       184292       92   38 Next             2   34    0               00
     1           20       20   39 Explain         39    0    0 BLOOM FILTER ON part (p_partkey=?) 00
     1        56662    56662   40 Blob          196608   25    0               00
     1        16200    16200   41 Rewind           3   47    0               00
200000     13373252       66   42 Column           3    3   18               00
200000      8285890       41   43 Ne              26   46   18 BINARY-8      52
  8040       148268       18   44 Rowid            3   18    0               00
  8040       276756       34   45 FilterAdd       25    0   18 1             00
200000     19942346       99   46 Next             3   42    0               00
6001173    403203770       67   47 Column           4    5   27               00
6001173    196921972       32   48 Filter          17   79   27 1             00
5996040    112488408       18   49 Column           4    2   18               00
5996040    231632224       38   50 Filter          21   79   18 1             00
1268417     26075370       20   51 Column           4    4   28               00
1268417     47195828       37   52 Filter          23   79   28 1             00
 48534      2104476       43   53 Column           4    3   29               00
 48534      1929370       39   54 Filter          25   79   29 1             00
  2020      6937694     3434   55 SeekRowid        0   79   27               00
  2020       161824       80   56 Column           0    4   30               00
  2020        65126       32   57 Eq              19   60   30 BINARY-8      44
  1697        34778       20   58 Column           0    4   30               00
  1697        32568       19   59 Ne              20   79   30 BINARY-8      54
   506        10322       20   60 Column           4    2   31               00
   506      2729024     5393   61 SeekRowid        1   79   31               00
   506        78266      154   62 Column           1    5   30               00
   506        35372       69   63 Ne              22   79   30 BINARY-8      52
   464        24284       52   64 Column           4    4   32               00
   464      1773668     3822   65 SeekRowid        2   79   32               00
   464        49178      105   66 Column           2    4   30               00
   464        21880       47   67 Ne              24   79   30 BINARY-8      52
   464        16002       34   68 Column           4    3   33               00
   464      3706304     7987   69 SeekRowid        3   79   33               00
   464        57528      123   70 Column           3    3   30               00
   464        19556       42   71 Ne              26   79   30 BINARY-8      52
   447        12528       28   72 Column           0    4   34               00
   447        23312       52   73 Column           2    3   35               00
   447        18628       41   74 Column           3    4   36               00
   447        30040       67   75 Column           4   12   37               00
   447        16664       37   76 Column           4   13   38               00
   447        63888      142   77 MakeRecord      34    5   30               00
   447        29918       66   78 SorterInsert     6   30    0               00
6001173    542824296       90   79 Next             4   12    0               01
     1          896      896   80 OpenPseudo       7   30    5               00
     1       366984   366984   81 SorterSort       6  115    0               00
   447         9038       20   82 SorterData       6   30    7               00
   447        16554       37   83 Column           7    0   14               00
   447        22072       49   84 Column           7    1   15               00
   447        28730       64   85 Column           7    2   16               00
   447        50328      112   86 Compare         11   14    3 k(3,B,B,B)    00
   447         8564       19   87 Jump            88   92   88               00
   324        13778       42   88 Move            14   11    3               00
   324         6204       19   89 Gosub            9  106    0               00
   324         6008       18   90 IfPos            8  115    0               00
   324         6044       18   91 Gosub           10  112    0               00
   447        19722       44   92 Column           7    3   40               00
   447        14380       32   93 Column           7    4   41               00
   447         8590       19   94 Subtract        41   40   39               00
   447        19960       44   95 AggStep1         0   39    4 sum(1)        01
   447         8530       19   96 If               7  100    0               00
   324         6074       18   97 Column           7    0    1               00
   324         7342       22   98 Column           7    1    2               00
   324         7950       24   99 Column           7    2    3               00
   447         8268       18  100 Integer          1    7    0               00
   447         8538       19  101 SorterNext       6   82    0               00
     1           34       34  102 Gosub            9  106    0               00
     1           32       32  103 Goto             0  115    0               00
     0            0        0  104 Integer          1    8    0               00
     0            0        0  105 Return           9    0    0               00
   325         6082       18  106 IfPos            7  108    0               00
     1          132      132  107 Return           9    0    0               00
   324         9390       28  108 AggFinal         4    1    0 sum(1)        00
   324        35140      108  109 Copy             1   42    3               00
     0            0        0  110 ResultRow       42    4    0               00
   324         6302       19  111 Return           9    0    0               00
   325         6882       21  112 Null             0    1    6               00
   325         6058       18  113 Integer          0    7    0               00
   325         5936       18  114 Return          10    0    0               00
     0            0        0  115 Halt             0    0    0               00
     1        36044    36044  116 Transaction      0    0    6 0             01
     1          172      172  117 Integer       1997   19    0               00
     1           40       40  118 Integer       1998   20    0               00
     1          224      224  119 String           7   22    0 AMERICA       00
     1           94       94  120 String          13   24    0 UNITED STATES 00
     1           44       44  121 String           7   26    0 MFGR#14       00
     1           38       38  122 Goto             0    1    0               00
