     1          176      176    0 Init             1   23    0               00
     1          172      172    1 Null             0    1    3               00
     1          400      400    2 OpenRead         0    6    0 12            00
     1          184      184    3 OpenRead         1    5    0 5             00
     1        13284    13284    4 Rewind           0   19    0               00
6001173    531062164       88    5 Column           0   11    4               00
6001173    122724616       20    6 Lt               6   18    4 BINARY-8      54
5456303    130536370       23    7 Gt               7   18    4 BINARY-8      54
1636870     31491526       19    8 Column           0    8    4               00
1636870     48563230       29    9 Ge               8   18    4 BINARY-8      54
785623     15906056       20   10 Column           0    5    9               00
785623    302733458      385   11 SeekRowid        1   18    9               00
785623     50965176       64   12 Column           1    4    4               00
785623     21586412       27   13 Ne              10   18    4 BINARY-8      54
118735      2244860       18   14 Column           0    9    5               00
118735      3525006       29   15 Column           0   11   11               00
118735      2190090       18   16 Multiply        11    5    4               00
118735      2786526       23   17 AggStep1         0    4    1 sum(1)        01
6001173    540946356       90   18 Next             0    5    0               01
     1         1422     1422   19 AggFinal         1    1    0 sum(1)        00
     1          736      736   20 Copy             1   12    0               00
     0            0        0   21 ResultRow       12    1    0               00
     0            0        0   22 Halt             0    0    0               00
     1        19602    19602   23 Transaction      0    0    6 0             01
     1           60       60   24 Integer          1    6    0               00
     1           18       18   25 Integer          3    7    0               00
     1           20       20   26 Integer         25    8    0               00
     1           18       18   27 Integer       1993   10    0               00
     1           38       38   28 Goto             0    1    0               00
