     1          126      126    0 Init             1   26    0               00
     1          484      484    1 Null             0    1    3               00
     1        36844    36844    2 OpenRead         0    7    0 12            00
     1          108      108    3 OpenRead         1    6    0 12            00
     1         4134     4134    4 Rewind           0   22    0               00
29999810   4264039030      142    5 Column           0   11    4               00
29999810    857195176       28    6 Lt               6   21    4 BINARY-8      54
16364521    439326456       26    7 Gt               7   21    4 BINARY-8      54
8182849    161411094       19    8 Column           0    8    4               00
8182849    214293262       26    9 Lt               8   21    4 BINARY-8      54
2456807     60694040       24   10 Gt               9   21    4 BINARY-8      54
819552     15489284       18   11 Column           0    5   10               00
819552    375270646      457   12 SeekRowid        1   21   10               00
819552     67560972       82   13 Column           1   11    4               00
819552     25943626       31   14 Ne              11   21    4 BINARY-8      54
 16635       801724       48   15 Column           1    4    4               00
 16635       536730       32   16 Ne              12   21    4 BINARY-8      54
  2374        48572       20   17 Column           0    9    5               00
  2374        44302       18   18 Column           0   11   13               00
  2374        73976       31   19 Multiply        13    5    4               00
  2374       359310      151   20 AggStep1         0    4    1 sum(1)        01
29999810    619489982       20   21 Next             0    5    0               01
     1          994      994   22 AggFinal         1    1    0 sum(1)        00
     1          594      594   23 Copy             1   14    0               00
     0            0        0   24 ResultRow       14    1    0               00
     0            0        0   25 Halt             0    0    0               00
     1        28698    28698   26 Transaction      0    0    6 0             01
     1           52       52   27 Integer          5    6    0               00
     1           16       16   28 Integer          7    7    0               00
     1           38       38   29 Integer         36    8    0               00
     1           18       18   30 Integer         40    9    0               00
     1           18       18   31 Integer          6   11    0               00
     1           20       20   32 Integer       1994   12    0               00
     1           32       32   33 Goto             0    1    0               00
