     1          230      230    0 Init             1   60    0               00
     1          100      100    1 Noop             4    6    0               00
     1         1456     1456    2 SorterOpen       5    3    0 k(2,B,B)      00
     1           52       52    3 Integer          0    6    0               00
     1          134      134    4 Null             0    9   10               00
     1           48       48    5 Gosub            8   56    0               00
     1          846      846    6 OpenRead         0    7    0 13            00
     1          120      120    7 OpenRead         3    4    0 6             00
     1          220      220    8 OpenRead         1    6    0 5             00
     1          102      102    9 OpenRead         2    3    0 5             00
     1         5218     5218   10 Rewind           0   28    0               00
29999810   4852682340      161   11 Column           0    4   13               00
29999810  15556919978      518   12 SeekRowid        3   27   13               00
29999810   2388429580       79   13 Column           3    5   14               00
29999810   1462193304       48   14 Ne              15   27   14 BINARY-8      52
6010822    205019318       34   15 Column           0    5   16               00
6010822   2345634300      390   16 SeekRowid        1   27   16               00
6010822    149763080       24   17 Column           0    3   17               00
6010822   8911344388     1482   18 SeekRowid        2   27   17               00
6010822    469557618       78   19 Column           2    4   14               00
6010822    292170526       48   20 Lt              19   27   14 BINARY-8      52
4490126    179519034       39   21 Gt              20   27   14 BINARY-8      52
 47381      4038298       85   22 Column           1    4   21               00
 47381      1606288       33   23 Column           2    4   22               00
 47381      2358764       49   24 Column           0   12   23               00
 47381      4976368      105   25 MakeRecord      21    3   14               00
 47381      1547256       32   26 SorterInsert     5   14    0               00
29999810    628447762       20   27 Next             0   11    0               01
     1          994      994   28 OpenPseudo       6   14    3               00
     1     46922944 46922944   29 SorterSort       5   59    0               00
 47381       881570       18   30 SorterData       5   14    6               00
 47381      1699040       35   31 Column           6    0   11               00
 47381      1775840       37   32 Column           6    1   12               00
 47381      2049420       43   33 Compare          9   11    2 k(2,B,B)      00
 47381       871466       18   34 Jump            35   39   35               00
    56         2696       48   35 Move            11    9    2               00
    56         1364       24   36 Gosub            7   50    0               00
    56         1052       18   37 IfPos            6   59    0               00
    56         1026       18   38 Gosub            8   56    0               00
 47381      1606308       33   39 Column           6    2   18               00
 47381      1013020       21   40 AggStep1         0   18    1 sum(1)        01
 47381       882136       18   41 If               5   44    0               00
    56         1168       20   42 Column           6    0    2               00
    56         1542       27   43 Column           6    1    3               00
 47381       868996       18   44 Integer          1    5    0               00
 47381       871186       18   45 SorterNext       5   30    0               00
     1           34       34   46 Gosub            7   50    0               00
     1           34       34   47 Goto             0   59    0               00
     0            0        0   48 Integer          1    6    0               00
     0            0        0   49 Return           7    0    0               00
    57         1580       27   50 IfPos            5   52    0               00
     1          254      254   51 Return           7    0    0               00
    56         4440       79   52 AggFinal         1    1    0 sum(1)        00
    56         6418      114   53 Copy             1   24    2               00
     0            0        0   54 ResultRow       24    3    0               00
    56         1812       32   55 Return           7    0    0               00
    57         3248       56   56 Null             0    1    4               00
    57         1110       19   57 Integer          0    5    0               00
    57         1060       18   58 Return           8    0    0               00
     0            0        0   59 Halt             0    0    0               00
     1        37326    37326   60 Transaction      0    0    6 0             01
     1          404      404   61 String           4   15    0 ASIA          00
     1          122      122   62 String           9   19    0 MFGR#2221     00
     1           50       50   63 String           9   20    0 MFGR#2228     00
     1           32       32   64 Goto             0    1    0               00
