     1          222      222    0 Init             1   59    0               00
     1          232      232    1 Noop             4    6    0               00
     1         1716     1716    2 SorterOpen       5    3    0 k(2,B,B)      00
     1           56       56    3 Integer          0    6    0               00
     1          124      124    4 Null             0    9   10               00
     1           62       62    5 Gosub            8   55    0               00
     1          568      568    6 OpenRead         0    6    0 13            00
     1          116      116    7 OpenRead         2    2    0 5             00
     1          136      136    8 OpenRead         1    5    0 5             00
     1          196      196    9 OpenRead         3    3    0 6             00
     1        11946    11946   10 Rewind           0   27    0               00
6001173    576602358       96   11 Column           0    3   13               00
6001173  24688105590     4113   12 SeekRowid        2   26   13               00
6001173    549799264       91   13 Column           2    4   14               00
6001173    295018626       49   14 Ne              15   26   14 BINARY-8      52
  5901       389314       65   15 Column           0    5   16               00
  5901     28607212     4847   16 SeekRowid        1   26   16               00
  5901       215002       36   17 Column           0    4   17               00
  5901     27990686     4743   18 SeekRowid        3   26   17               00
  5901       944958      160   19 Column           3    5   14               00
  5901       906664      153   20 Ne              18   26   14 BINARY-8      52
  1143       175314      153   21 Column           1    4   19               00
  1143        37406       32   22 Column           2    4   20               00
  1143        78802       68   23 Column           0   12   21               00
  1143       339984      297   24 MakeRecord      19    3   14               00
  1143       264856      231   25 SorterInsert     5   14    0               00
6001173    573845144       95   26 Next             0   11    0               01
     1         1714     1714   27 OpenPseudo       6   14    3               00
     1       443954   443954   28 SorterSort       5   58    0               00
  1143        21860       19   29 SorterData       5   14    6               00
  1143        41482       36   30 Column           6    0   11               00
  1143        44042       38   31 Column           6    1   12               00
  1143        53542       46   32 Compare          9   11    2 k(2,B,B)      00
  1143        21304       18   33 Jump            34   38   34               00
     7         1128      161   34 Move            11    9    2               00
     7          364       52   35 Gosub            7   49    0               00
     7          172       24   36 IfPos            6   58    0               00
     7          146       20   37 Gosub            8   55    0               00
  1143        39484       34   38 Column           6    2   22               00
  1143        26092       22   39 AggStep1         0   22    1 sum(1)        01
  1143        21460       18   40 If               5   43    0               00
     7          204       29   41 Column           6    0    2               00
     7         1236      176   42 Column           6    1    3               00
  1143        20958       18   43 Integer          1    5    0               00
  1143        21350       18   44 SorterNext       5   29    0               00
     1           36       36   45 Gosub            7   49    0               00
     1           32       32   46 Goto             0   58    0               00
     0            0        0   47 Integer          1    6    0               00
     0            0        0   48 Return           7    0    0               00
     8          666       83   49 IfPos            5   51    0               00
     1          270      270   50 Return           7    0    0               00
     7         1254      179   51 AggFinal         1    1    0 sum(1)        00
     7         1276      182   52 Copy             1   23    2               00
     0            0        0   53 ResultRow       23    3    0               00
     7          148       21   54 Return           7    0    0               00
     8          762       95   55 Null             0    1    4               00
     8          356       44   56 Integer          0    5    0               00
     8          186       23   57 Return           8    0    0               00
     0            0        0   58 Halt             0    0    0               00
     1        34418    34418   59 Transaction      0    0    6 0             01
     1          268      268   60 String           9   15    0 MFGR#2221     00
     1           52       52   61 String           6   18    0 EUROPE        00
     1           92       92   62 Goto             0    1    0               00
