     1          212      212    0 Init             1   77    0               00
     1         1562     1562    1 SorterOpen       4    7    0 k(2,B,-B)     00
     1          518      518    2 SorterOpen       5    4    0 k(3,B,B,B)    00
     1           44       44    3 Integer          0    7    0               00
     1          136      136    4 Null             0   10   12               00
     1           64       64    5 Gosub            9   64    0               00
     1          620      620    6 OpenRead         1    6    0 13            00
     1          124      124    7 OpenRead         0    4    0 6             00
     1          120      120    8 OpenRead         2    3    0 6             00
     1          324      324    9 OpenRead         3    5    0 5             00
     1        11230    11230   10 Rewind           1   32    0               00
6001173    436762852       72   11 Column           1    2   16               00
6001173   3837692430      639   12 SeekRowid        0   31   16               00
6001173    424719664       70   13 Column           0    5   17               00
6001173    270062170       45   14 Ne              18   31   17 BINARY-8      52
1207529     44779436       37   15 Column           1    4   19               00
1207529    584063960      483   16 SeekRowid        2   31   19               00
1207529    100981868       83   17 Column           2    5   17               00
1207529     61023030       50   18 Ne              18   31   17 BINARY-8      52
270732     15986348       59   19 Column           1    5   20               00
270732    288402130     1065   20 SeekRowid        3   31   20               00
270732     18961684       70   21 Column           3    4   17               00
270732      6102778       22   22 Lt              21   31   17 BINARY-8      54
270732      5484900       20   23 Column           3    4   17               00
270732      6884960       25   24 Gt              22   31   17 BINARY-8      54
246821      8465926       34   25 Column           0    4   23               00
246821      8486032       34   26 Column           2    4   24               00
246821      5983502       24   27 Column           3    4   25               00
246821     12880250       52   28 Column           1   12   26               00
246821     21784252       88   29 MakeRecord      23    4   17               00
246821    297750038     1206   30 SorterInsert     5   17    0               00
6001173    563147048       93   31 Next             1   11    0               01
     1         1404     1404   32 OpenPseudo       6   17    4               00
     1     66945818 66945818   33 SorterSort       5   67    0               00
246821      4576596       18   34 SorterData       5   17    6               00
246821     11193584       45   35 Column           6    0   13               00
246821      9464722       38   36 Column           6    1   14               00
246821      7755638       31   37 Column           6    2   15               00
246821     17388724       70   38 Compare         10   13    3 k(3,B,B,B)    00
246821      4533138       18   39 Jump            40   44   40               00
   150         8740       58   40 Move            13   10    3               00
   150         3012       20   41 Gosub            8   56    0               00
   150         2868       19   42 IfPos            7   67    0               00
   150         2766       18   43 Gosub            9   64    0               00
246821      8544528       34   44 Column           6    3   27               00
246821      5343928       21   45 AggStep1         0   27    4 sum(1)        01
246821      4573800       18   46 If               6   50    0               00
   150         4094       27   47 Column           6    0    1               00
   150         4624       30   48 Column           6    1    2               00
   150         3834       25   49 Column           6    2    3               00
246821      4532130       18   50 Integer          1    6    0               00
246821    100507530      407   51 SorterNext       5   34    0               00
     1           36       36   52 Gosub            8   56    0               00
     1           28       28   53 Goto             0   67    0               00
     0            0        0   54 Integer          1    7    0               00
     0            0        0   55 Return           8    0    0               00
   151         3266       21   56 IfPos            6   58    0               00
     1          272      272   57 Return           8    0    0               00
   150         5054       33   58 AggFinal         4    1    0 sum(1)        00
   150        17578      117   59 Copy             1   30    1               00
   150         5054       33   60 Copy             3   28    1               00
   150        16212      108   61 MakeRecord      28    4   34               00
   150        22748      151   62 SorterInsert     4   34   28 4             00
   150         2804       18   63 Return           8    0    0               00
   151         3418       22   64 Null             0    1    5               00
   151         2790       18   65 Integer          0    6    0               00
   151         2822       18   66 Return           9    0    0               00
     1          464      464   67 OpenPseudo       7   35    7               00
     1        48844    48844   68 SorterSort       4   76    0               00
   150         3108       20   69 SorterData       4   35    7               00
   150         6012       40   70 Column           7    1   33               00
   150         2862       19   71 Column           7    0   32               00
   150         6904       46   72 Column           7    3   31               00
   150         4546       30   73 Column           7    2   30               00
     0            0        0   74 ResultRow       30    4    0               00
   150         3356       22   75 SorterNext       4   69    0               00
     0            0        0   76 Halt             0    0    0               00
     1        34870    34870   77 Transaction      0    0    6 0             01
     1          156      156   78 String           4   18    0 ASIA          00
     1           52       52   79 Integer       1992   21    0               00
     1           18       18   80 Integer       1997   22    0               00
     1           50       50   81 Goto             0    1    0               00
