     1          358      358    0 Init             1   77    0               00
     1         1620     1620    1 SorterOpen       4    7    0 k(2,B,-B)     00
     1          634      634    2 SorterOpen       5    4    0 k(3,B,B,B)    00
     1           48       48    3 Integer          0    7    0               00
     1          194      194    4 Null             0   10   12               00
     1           64       64    5 Gosub            9   64    0               00
     1         1150     1150    6 OpenRead         1    7    0 13            00
     1          222      222    7 OpenRead         0    5    0 5             00
     1          130      130    8 OpenRead         2    4    0 5             00
     1          288      288    9 OpenRead         3    6    0 5             00
     1         7040     7040   10 Rewind           1   32    0               00
29999810   4327913474      144   11 Column           1    2   16               00
29999810   8288570372      276   12 SeekRowid        0   31   16               00
29999810   1916436552       63   13 Column           0    4   17               00
29999810   1170317858       39   14 Ne              18   31   17 BINARY-8      52
1197451     42551070       35   15 Column           1    4   19               00
1197451    862990178      720   16 SeekRowid        2   31   19               00
1197451     97025278       81   17 Column           2    4   17               00
1197451     48693298       40   18 Ne              18   31   17 BINARY-8      52
 47036      2916894       62   19 Column           1    5   20               00
 47036     51616686     1097   20 SeekRowid        3   31   20               00
 47036      5166516      109   21 Column           3    4   17               00
 47036      1384164       29   22 Lt              21   31   17 BINARY-8      54
 47036       934662       19   23 Column           3    4   17               00
 47036      1346736       28   24 Gt              22   31   17 BINARY-8      54
 42843      1225820       28   25 Column           0    3   23               00
 42843      1557954       36   26 Column           2    3   24               00
 42843       828438       19   27 Column           3    4   25               00
 42843      2055416       47   28 Column           1   12   26               00
 42843      4800076      112   29 MakeRecord      23    4   17               00
 42843      1586876       37   30 SorterInsert     5   17    0               00
29999810    649820404       21   31 Next             1   11    0               01
     1         1302     1302   32 OpenPseudo       6   17    4               00
     1     58424310 58424310   33 SorterSort       5   67    0               00
 42843       798504       18   34 SorterData       5   17    6               00
 42843      1758654       41   35 Column           6    0   13               00
 42843      1621492       37   36 Column           6    1   14               00
 42843      1314984       30   37 Column           6    2   15               00
 42843      3049122       71   38 Compare         10   13    3 k(3,B,B,B)    00
 42843       785678       18   39 Jump            40   44   40               00
   600        26942       44   40 Move            13   10    3               00
   600        11448       19   41 Gosub            8   56    0               00
   600        11194       18   42 IfPos            7   67    0               00
   600        11064       18   43 Gosub            9   64    0               00
 42843      1442598       33   44 Column           6    3   27               00
 42843       976212       22   45 AggStep1         0   27    4 sum(1)        01
 42843       799788       18   46 If               6   50    0               00
   600        14668       24   47 Column           6    0    1               00
   600        18226       30   48 Column           6    1    2               00
   600        11294       18   49 Column           6    2    3               00
 42843       785490       18   50 Integer          1    6    0               00
 42843       793912       18   51 SorterNext       5   34    0               00
     1           36       36   52 Gosub            8   56    0               00
     1           30       30   53 Goto             0   67    0               00
     0            0        0   54 Integer          1    7    0               00
     0            0        0   55 Return           8    0    0               00
   601        11692       19   56 IfPos            6   58    0               00
     1          246      246   57 Return           8    0    0               00
   600        25786       42   58 AggFinal         4    1    0 sum(1)        00
   600        57996       96   59 Copy             1   30    1               00
   600        17260       28   60 Copy             3   28    1               00
   600        49688       82   61 MakeRecord      28    4   34               00
   600        25392       42   62 SorterInsert     4   34   28 4             00
   600        11242       18   63 Return           8    0    0               00
   601        12522       20   64 Null             0    1    5               00
   601        11762       19   65 Integer          0    6    0               00
   601        10978       18   66 Return           9    0    0               00
     1          504      504   67 OpenPseudo       7   35    7               00
     1       256578   256578   68 SorterSort       4   76    0               00
   600        11634       19   69 SorterData       4   35    7               00
   600        23198       38   70 Column           7    1   33               00
   600        11286       18   71 Column           7    0   32               00
   600        22426       37   72 Column           7    3   31               00
   600        13186       21   73 Column           7    2   30               00
     0            0        0   74 ResultRow       30    4    0               00
   600        12330       20   75 SorterNext       4   69    0               00
     0            0        0   76 Halt             0    0    0               00
     1        37312    37312   77 Transaction      0    0    6 0             01
     1          184      184   78 String          13   18    0 UNITED STATES 00
     1           44       44   79 Integer       1992   21    0               00
     1           20       20   80 Integer       1997   22    0               00
     1           48       48   81 Goto             0    1    0               00
