     1          340      340    0 Init             1   79    0               00
     1         1554     1554    1 SorterOpen       4    7    0 k(2,B,-B)     00
     1          464      464    2 SorterOpen       5    4    0 k(3,B,B,B)    00
     1           54       54    3 Integer          0    7    0               00
     1          152      152    4 Null             0   10   12               00
     1           54       54    5 Gosub            9   66    0               00
     1          560      560    6 OpenRead         1    7    0 13            00
     1           90       90    7 OpenRead         0    5    0 4             00
     1          242      242    8 OpenRead         2    4    0 4             00
     1          102      102    9 OpenRead         3    6    0 7             00
     1         5396     5396   10 Rewind           1   34    0               00
29999810   4408410054      146   11 Column           1    2   16               00
29999810   8190568196      273   12 SeekRowid        0   33   16               00
29999810   1749160958       58   13 Column           0    3   17               00
29999810   1111253290       37   14 Eq              18   17   17 BINARY-8      42
29888617    906583458       30   15 Column           0    3   17               00
29888617   1155659346       38   16 Ne              19   33   17 BINARY-8      52
233662      8530822       36   17 Column           1    4   20               00
233662    226894266      971   18 SeekRowid        2   33   20               00
233662     16002582       68   19 Column           2    3   17               00
233662      9105362       38   20 Eq              18   23   17 BINARY-8      42
232777      7091186       30   21 Column           2    3   17               00
232777     20524112       88   22 Ne              19   33   17 BINARY-8      52
  1742       142454       81   23 Column           1    5   21               00
  1742      4445158     2551   24 SeekRowid        3   33   21               00
  1742       314618      180   25 Column           3    6   17               00
  1742       178402      102   26 Ne              22   33   17 BINARY-8      52
    24         1710       71   27 Column           0    3   23               00
    24         2868      119   28 Column           2    3   24               00
    24         1388       57   29 Column           3    4   25               00
    24         2096       87   30 Column           1   12   26               00
    24        17508      729   31 MakeRecord      23    4   17               00
    24        13904      579   32 SorterInsert     5   17    0               00
29999810    707512592       23   33 Next             1   11    0               01
     1         1364     1364   34 OpenPseudo       6   17    4               00
     1        18100    18100   35 SorterSort       5   69    0               00
    24         1084       45   36 SorterData       5   17    6               00
    24         1816       75   37 Column           6    0   13               00
    24         1552       64   38 Column           6    1   14               00
    24          910       37   39 Column           6    2   15               00
    24         2884      120   40 Compare         10   13    3 k(3,B,B,B)    00
    24         1152       48   41 Jump            42   46   42               00
     4         1016      254   42 Move            13   10    3               00
     4          334       83   43 Gosub            8   58    0               00
     4          270       67   44 IfPos            7   69    0               00
     4           92       23   45 Gosub            9   66    0               00
    24         1272       53   46 Column           6    3   27               00
    24         3550      147   47 AggStep1         0   27    4 sum(1)        01
    24          906       37   48 If               6   52    0               00
     4          240       60   49 Column           6    0    1               00
     4          264       66   50 Column           6    1    2               00
     4          148       37   51 Column           6    2    3               00
    24          980       40   52 Integer          1    6    0               00
    24          732       30   53 SorterNext       5   36    0               00
     1           34       34   54 Gosub            8   58    0               00
     1           32       32   55 Goto             0   69    0               00
     0            0        0   56 Integer          1    7    0               00
     0            0        0   57 Return           8    0    0               00
     5          654      130   58 IfPos            6   60    0               00
     1          238      238   59 Return           8    0    0               00
     4         1062      265   60 AggFinal         4    1    0 sum(1)        00
     4         1686      421   61 Copy             1   30    1               00
     4          252       63   62 Copy             3   28    1               00
     4         1690      422   63 MakeRecord      28    4   34               00
     4          868      217   64 SorterInsert     4   34   28 4             00
     4           94       23   65 Return           8    0    0               00
     5          994      198   66 Null             0    1    5               00
     5          316       63   67 Integer          0    6    0               00
     5           92       18   68 Return           9    0    0               00
     1          102      102   69 OpenPseudo       7   35    7               00
     1         2092     2092   70 SorterSort       4   78    0               00
     4          416      104   71 SorterData       4   35    7               00
     4          452      113   72 Column           7    1   33               00
     4          172       43   73 Column           7    0   32               00
     4          310       77   74 Column           7    3   31               00
     4          136       34   75 Column           7    2   30               00
     0            0        0   76 ResultRow       30    4    0               00
     4          136       34   77 SorterNext       4   71    0               00
     0            0        0   78 Halt             0    0    0               00
     1        37570    37570   79 Transaction      0    0    6 0             01
     1          298      298   80 String          10   18    0 UNITED KI1    00
     1          122      122   81 String          10   19    0 UNITED KI5    00
     1           86       86   82 String           7   22    0 Dec1997       00
     1           52       52   83 Goto             0    1    0               00
