     1          340      340    0 Init             1   76    0               00
     1          240      240    1 Noop             5    8    0               00
     1         2002     2002    2 SorterOpen       6    5    0 k(3,B,B,B)    00
     1           46       46    3 Integer          0    8    0               00
     1          138      138    4 Null             0   11   13               00
     1           58       58    5 Gosub           10   72    0               00
     1         1118     1118    6 OpenRead         4    7    0 14            00
     1          120      120    7 OpenRead         0    6    0 5             00
     1          234      234    8 OpenRead         2    4    0 6             00
     1           88       88    9 OpenRead         1    5    0 6             00
     1          228      228   10 OpenRead         3    3    0 4             00
     1         5388     5388   11 Rewind           4   40    0               00
29999810   4351282888      145   12 Column           4    5   17               00
29999810   4129148018      137   13 SeekRowid        0   39   17               00
29999810   1631056776       54   14 Column           0    4   18               00
29999810    639045166       21   15 Eq              19   18   18 BINARY-8      44
25451394    486198646       19   16 Column           0    4   18               00
25451394    468117222       18   17 Ne              20   39   18 BINARY-8      54
7217725    145500038       20   18 Column           4    4   21               00
7217725   3934276982      545   19 SeekRowid        2   39   21               00
7217725    575131822       79   20 Column           2    5   18               00
7217725    359922340       49   21 Ne              22   39   18 BINARY-8      52
1472812     44413754       30   22 Column           4    2   23               00
1472812   1405024824      953   23 SeekRowid        1   39   23               00
1472812    120815884       82   24 Column           1    5   18               00
1472812     71522854       48   25 Ne              22   39   18 BINARY-8      52
294368      7823334       26   26 Column           4    3   24               00
294368    655210848     2225   27 SeekRowid        3   39   24               00
294368     27738902       94   28 Column           3    2   18               00
294368     19258728       65   29 Eq              25   32   18 BINARY-8      42
235324      7673192       32   30 Column           3    2   18               00
235324     11063158       47   31 Ne              26   39   18 BINARY-8      52
117874      4632492       39   32 Column           0    4   27               00
117874      6762584       57   33 Column           2    4   28               00
117874      6058518       51   34 Column           3    3   29               00
117874      5918850       50   35 Column           4   12   30               00
117874      3738890       31   36 Column           4   13   31               00
117874     14645690      124   37 MakeRecord      27    5   18               00
117874      5938470       50   38 SorterInsert     6   18    0               00
29999810    676017088       22   39 Next             4   12    0               01
     1          944      944   40 OpenPseudo       7   18    5               00
     1    195846006 195846006   41 SorterSort       6   75    0               00
117874      2237006       18   42 SorterData       6   18    7               00
117874      4275574       36   43 Column           7    0   14               00
117874      4442318       37   44 Column           7    1   15               00
117874      4390480       37   45 Column           7    2   16               00
117874      8019230       68   46 Compare         11   14    3 k(3,B,B,B)    00
117874      2163468       18   47 Jump            48   52   48               00
   100         7340       73   48 Move            14   11    3               00
   100         2166       21   49 Gosub            9   66    0               00
   100         1856       18   50 IfPos            8   75    0               00
   100         3026       30   51 Gosub           10   72    0               00
117874      3940024       33   52 Column           7    3   33               00
117874      3714922       31   53 Column           7    4   34               00
117874      2213666       18   54 Subtract        34   33   32               00
117874      2587462       21   55 AggStep1         0   32    4 sum(1)        01
117874      2181130       18   56 If               7   60    0               00
   100         1958       19   57 Column           7    0    1               00
   100         2902       29   58 Column           7    1    2               00
   100         2820       28   59 Column           7    2    3               00
117874      2162424       18   60 Integer          1    7    0               00
117874      2166692       18   61 SorterNext       6   42    0               00
     1           34       34   62 Gosub            9   66    0               00
     1           28       28   63 Goto             0   75    0               00
     0            0        0   64 Integer          1    8    0               00
     0            0        0   65 Return           9    0    0               00
   101         2450       24   66 IfPos            7   68    0               00
     1          254      254   67 Return           9    0    0               00
   100         6962       69   68 AggFinal         4    1    0 sum(1)        00
   100        16780      167   69 Copy             1   35    3               00
     0            0        0   70 ResultRow       35    4    0               00
   100         2304       23   71 Return           9    0    0               00
   101         6256       61   72 Null             0    1    6               00
   101         2092       20   73 Integer          0    7    0               00
   101         1850       18   74 Return          10    0    0               00
     0            0        0   75 Halt             0    0    0               00
     1        38526    38526   76 Transaction      0    0    6 0             01
     1           50       50   77 Integer       1997   19    0               00
     1           38       38   78 Integer       1998   20    0               00
     1          160      160   79 String           7   22    0 AMERICA       00
     1           76       76   80 String           6   25    0 MFGR#1        00
     1           46       46   81 String           6   26    0 MFGR#2        00
     1           86       86   82 Goto             0    1    0               00
